<?xml version="1.0" encoding="UTF-8" standalone="no" ?>
<LXFML versionMajor="5" versionMinor="0" name="Robot">
  <Meta>
    <Application name="LEGO Digital Designer" versionMajor="4" versionMinor="3"/>
    <Brand name="LDDExtended"/>
    <BrickSet version="1033"/>
  </Meta>
  <Cameras>
    <Camera refID="1" fieldOfView="80" distance="174.485443115234375" transformation="-0.53561007976531982421875,0,0.844465553760528564453125,0.18478567898273468017578125,0.9757654666900634765625,0.117202021181583404541015625,-0.824000179767608642578125,0.218819677829742431640625,-0.52262973785400390625,-150.6604461669921875,55.469516754150390625,-91.94026947021484375"/>
  </Cameras>
  <Bricks cameraRef="1">
    <Brick refID="0" designID="61678">
      <Part refID="0" designID="61678" materials="1">
        <Bone refID="1" transformation="-0.2938927710056304931640625,0.95105648040771484375,0.09549157321453094482421875,-0.3090169131755828857421875,0,-0.951056540012359619140625,-0.90450847148895263671875,-0.3090171515941619873046875,0.29389250278472900390625,6.0016460418701171875,15.530490875244140625,-3.4180276393890380859375">
        </Bone>
      </Part>
    </Brick>
    <Brick refID="1" designID="4150">
      <Part refID="1" designID="4150" materials="2,0" decoration="0">
        <Bone refID="2" transformation="0.90450847148895263671875,0.3090170323848724365234375,-0.2938922345638275146484375,-0.29389274120330810546875,0.951056420803070068359375,0.095491491258144378662109375,0.3090169131755828857421875,0,0.951056540012359619140625,5.703032970428466796875,18.3465442657470703125,-1.3863127231597900390625">
        </Bone>
      </Part>
    </Brick>
    <Brick refID="2" designID="44728">
      <Part refID="2" designID="44728" materials="154">
        <Bone refID="3" transformation="0.9045085906982421875,0.309017002582550048828125,-0.2938921749591827392578125,-0.3090168535709381103515625,0,-0.951056540012359619140625,-0.2938927114009857177734375,0.951056420803070068359375,0.095491491258144378662109375,5.5929660797119140625,17.8130283355712890625,-2.2758362293243408203125">
        </Bone>
      </Part>
    </Brick>
    <Brick refID="3" designID="62712">
      <Part refID="3" designID="62712" materials="26">
        <Bone refID="4" transformation="0.904508531093597412109375,0.3090170323848724365234375,-0.293892085552215576171875,-0.3090169131755828857421875,0,-0.951056540012359619140625,-0.2938927710056304931640625,0.951056540012359619140625,0.0954914987087249755859375,5.889622211456298828125,17.81302642822265625,-1.36282241344451904296875">
        </Bone>
      </Part>
    </Brick>
    <Brick refID="4" designID="44728">
      <Part refID="4" designID="44728" materials="154">
        <Bone refID="5" transformation="-0.90450847148895263671875,-0.309017181396484375,0.2938921153545379638671875,-0.309016764163970947265625,0,-0.95105659961700439453125,0.29389286041259765625,-0.95105648040771484375,-0.095491550862789154052734375,6.551684856414794921875,17.299396514892578125,-2.5873432159423828125">
        </Bone>
      </Part>
    </Brick>
    <Brick refID="5" designID="3022">
      <Part refID="5" designID="3022" materials="154">
        <Bone refID="6" transformation="0.293892800807952880859375,-0.951056540012359619140625,-0.09549160301685333251953125,-0.3090169131755828857421875,0,-0.951056540012359619140625,0.9045085906982421875,0.309017241001129150390625,-0.293892443180084228515625,6.7121105194091796875,18.06024169921875,-1.2935955524444580078125">
        </Bone>
      </Part>
    </Brick>
    <Brick refID="6" designID="3022">
      <Part refID="6" designID="3022" materials="154">
        <Bone refID="7" transformation="-0.9045085906982421875,-0.30901730060577392578125,0.2938924729824066162109375,0.2938928306102752685546875,-0.951056540012359619140625,-0.09549154341220855712890625,0.309016883373260498046875,0,0.951056540012359619140625,6.985484600067138671875,16.7658786773681640625,-1.80300581455230712890625">
        </Bone>
      </Part>
    </Brick>
    <Brick refID="7" designID="3004">
      <Part refID="7" designID="3004" materials="154,0,0,0" decoration="0,0,0">
        <Bone refID="8" transformation="0.3090169429779052734375,0,0.951056540012359619140625,0.2938928306102752685546875,-0.951056540012359619140625,-0.09549154341220855712890625,0.9045085906982421875,0.30901730060577392578125,-0.2938924729824066162109375,6.1087093353271484375,16.2143268585205078125,-2.359294414520263671875">
        </Bone>
      </Part>
    </Brick>
    <Brick refID="8" designID="44358">
      <Part refID="8" designID="44358" materials="316">
        <Bone refID="9" transformation="0.3090169429779052734375,0,0.951056540012359619140625,0.2938928306102752685546875,-0.951056540012359619140625,-0.09549154341220855712890625,0.90450847148895263671875,0.309017241001129150390625,-0.2938924729824066162109375,7.11445331573486328125,15.54852390289306640625,-2.6860811710357666015625">
        </Bone>
      </Part>
    </Brick>
    <Brick refID="9" designID="61678">
      <Part refID="9" designID="61678" materials="1">
        <Bone refID="10" transformation="-0.293892800807952880859375,0.95105648040771484375,0.09549151360988616943359375,-0.3090169131755828857421875,0,-0.951056540012359619140625,-0.904508650302886962890625,-0.3090171515941619873046875,0.2938923537731170654296875,6.725256443023681640625,15.7777042388916015625,-3.65314388275146484375">
        </Bone>
      </Part>
    </Brick>
    <Brick refID="10" designID="3022">
      <Part refID="10" designID="3022" materials="1">
        <Bone refID="11" transformation="0.904508650302886962890625,0.309017121791839599609375,-0.293892383575439453125,-0.30901682376861572265625,0,-0.95105659961700439453125,-0.2938928306102752685546875,0.95105648040771484375,0.09549148380756378173828125,5.96430492401123046875,16.2913360595703125,-2.73296070098876953125">
        </Bone>
      </Part>
    </Brick>
    <Brick refID="11" designID="32028">
      <Part refID="11" designID="32028" materials="1">
        <Bone refID="12" transformation="-0.904508411884307861328125,-0.30901706218719482421875,0.29389250278472900390625,-0.309016883373260498046875,0,-0.95105659961700439453125,0.293892920017242431640625,-0.951056301593780517578125,-0.09549157321453094482421875,6.82413768768310546875,15.77770328521728515625,-3.348803043365478515625">
        </Bone>
      </Part>
    </Brick>
    <Brick refID="12" designID="87087">
      <Part refID="12" designID="87087" materials="154">
        <Bone refID="13" transformation="0.3090169131755828857421875,0,0.951056540012359619140625,0.2938928306102752685546875,-0.95105648040771484375,-0.09549154341220855712890625,0.90450847148895263671875,0.309017181396484375,-0.2938925325870513916015625,6.83231449127197265625,16.4615421295166015625,-2.59440708160400390625">
        </Bone>
      </Part>
    </Brick>
    <Brick refID="13" designID="3020">
      <Part refID="13" designID="3020" materials="154">
        <Bone refID="14" transformation="0.2938928306102752685546875,-0.951056420803070068359375,-0.095491550862789154052734375,0.90450847148895263671875,0.3090172111988067626953125,-0.2938925325870513916015625,0.3090169131755828857421875,0,0.951056540012359619140625,6.90056896209716796875,18.3350925445556640625,-1.77541446685791015625">
        </Bone>
      </Part>
    </Brick>
    <Brick refID="14" designID="43712">
      <Part refID="14" designID="43712" materials="154">
        <Bone refID="15" transformation="-0.293892800807952880859375,0.95105636119842529296875,0.095491476356983184814453125,0.9045085906982421875,0.30901730060577392578125,-0.2938925325870513916015625,-0.309016883373260498046875,0,-0.951056540012359619140625,7.871160030364990234375,14.6297454833984375,-3.7731192111968994140625">
        </Bone>
      </Part>
    </Brick>
    <Brick refID="15" designID="87087">
      <Part refID="15" designID="87087" materials="154">
        <Bone refID="16" transformation="0.3090169131755828857421875,0,0.951056540012359619140625,0.2938928306102752685546875,-0.951056420803070068359375,-0.095491550862789154052734375,0.90450847148895263671875,0.3090172111988067626953125,-0.2938925325870513916015625,7.07952785491943359375,16.4615421295166015625,-1.8335626125335693359375">
        </Bone>
      </Part>
    </Brick>
    <Brick refID="16" designID="3024">
      <Part refID="16" designID="3024" materials="154">
        <Bone refID="17" transformation="-0.3090169131755828857421875,-0.951056540012359619140625,0,-0.951056540012359619140625,0.3090169131755828857421875,0,0,0,-1,1.65146601200103759765625,20.169010162353515625,1.2000386714935302734375">
        </Bone>
      </Part>
    </Brick>
    <Brick refID="17" designID="3032">
      <Part refID="17" designID="3032" materials="154">
        <Bone refID="18" transformation="-0.30901706218719482421875,-0.95105648040771484375,0,-0.951056540012359619140625,0.3090169429779052734375,0,0,0,-1,1.3471257686614990234375,20.267894744873046875,-1.19995975494384765625">
        </Bone>
      </Part>
    </Brick>
    <Brick refID="18" designID="44728">
      <Part refID="18" designID="44728" materials="154">
        <Bone refID="19" transformation="0.3090168535709381103515625,0.951056540012359619140625,0,-0.95105659961700439453125,0.3090167343616485595703125,0,0,0,1,0.4153935909271240234375,16.36478424072265625,0.40003979206085205078125">
        </Bone>
      </Part>
    </Brick>
    <Brick refID="19" designID="3022">
      <Part refID="19" designID="3022" materials="154">
        <Bone refID="20" transformation="-0.95105659961700439453125,0.309016764163970947265625,0,0,0,1,0.3090168535709381103515625,0.951056540012359619140625,0,1.5004637241363525390625,16.856548309326171875,0.960039198398590087890625">
        </Bone>
      </Part>
    </Brick>
    <Brick refID="20" designID="4150">
      <Part refID="20" designID="4150" materials="2,0" decoration="0">
        <Bone refID="21" transformation="0.95105659961700439453125,-0.3090167939662933349609375,0,0,0,1,-0.3090169727802276611328125,-0.951056540012359619140625,0,0.4924046993255615234375,16.3429164886474609375,1.2800395488739013671875">
        </Bone>
      </Part>
    </Brick>
    <Brick refID="21" designID="3001">
      <Part refID="21" designID="3001" materials="154">
        <Bone refID="22" transformation="-0.3090168535709381103515625,-0.951056540012359619140625,0,-0.95105659961700439453125,0.3090167343616485595703125,0,0,0,-1,2.0700476169586181640625,18.3506641387939453125,-0.399959564208984375">
        </Bone>
      </Part>
    </Brick>
    <Brick refID="22" designID="3023">
      <Part refID="22" designID="3023" materials="154">
        <Bone refID="23" transformation="0,0,1,-0.951056540012359619140625,0.3090168535709381103515625,0,-0.3090168535709381103515625,-0.951056540012359619140625,0,0.909822881221771240234375,17.886474609375,-0.3999612331390380859375">
        </Bone>
      </Part>
    </Brick>
    <Brick refID="23" designID="44728">
      <Part refID="23" designID="44728" materials="154">
        <Bone refID="24" transformation="0,0,-1,-0.95105659961700439453125,0.309016764163970947265625,0,0.3090168535709381103515625,0.951056540012359619140625,0,1.1570351123809814453125,18.64731597900390625,0.40003812313079833984375">
        </Bone>
      </Part>
    </Brick>
    <Brick refID="24" designID="3022">
      <Part refID="24" designID="3022" materials="154">
        <Bone refID="25" transformation="0.951056540012359619140625,-0.3090167343616485595703125,0,0.3090168535709381103515625,0.951056540012359619140625,0,0,0,1,1.406170368194580078125,19.1551876068115234375,0.39703834056854248046875">
        </Bone>
      </Part>
    </Brick>
    <Brick refID="25" designID="3022">
      <Part refID="25" designID="3022" materials="2">
        <Bone refID="26" transformation="0.951056540012359619140625,-0.309016764163970947265625,0,0.309016764163970947265625,0.95105659961700439453125,0,0,0,1,1.5050551891326904296875,19.4595241546630859375,0.39703834056854248046875">
        </Bone>
      </Part>
    </Brick>
    <Brick refID="26" designID="61409">
      <Part refID="26" designID="61409" materials="2">
        <Bone refID="27" transformation="0,0,-1,0.3090169429779052734375,0.951056540012359619140625,0,0.951056540012359619140625,-0.309016704559326171875,0,1.6039407253265380859375,19.76386260986328125,0.39703834056854248046875">
        </Bone>
      </Part>
    </Brick>
    <Brick refID="27" designID="61409">
      <Part refID="27" designID="61409" materials="2">
        <Bone refID="28" transformation="0,0,-1,0.30901706218719482421875,0.95105648040771484375,0,0.951056540012359619140625,-0.309016883373260498046875,0,1.603941440582275390625,19.7638607025146484375,-0.4029610157012939453125">
        </Bone>
      </Part>
    </Brick>
    <Brick refID="28" designID="44728">
      <Part refID="28" designID="44728" materials="154">
        <Bone refID="29" transformation="-0.30901706218719482421875,-0.95105648040771484375,0,-0.951056540012359619140625,0.3090168535709381103515625,0,0,0,-1,0.66260433197021484375,17.1256237030029296875,-0.399959087371826171875">
        </Bone>
      </Part>
    </Brick>
    <Brick refID="29" designID="3022">
      <Part refID="29" designID="3022" materials="154">
        <Bone refID="30" transformation="0.95105659961700439453125,-0.309016764163970947265625,0,0,0,-1,0.3090167343616485595703125,0.95105659961700439453125,0,0.738693714141845703125,17.1009063720703125,-0.9599597454071044921875">
        </Bone>
      </Part>
    </Brick>
    <Brick refID="30" designID="4150">
      <Part refID="30" designID="4150" materials="2,0" decoration="0">
        <Bone refID="31" transformation="-0.951056659221649169921875,0.3090166151523590087890625,0,0,0,-1,-0.3090167343616485595703125,-0.95105659961700439453125,0,1.2523252964019775390625,16.0928440093994140625,-1.2799594402313232421875">
        </Bone>
      </Part>
    </Brick>
    <Brick refID="31" designID="3001">
      <Part refID="31" designID="3001" materials="154">
        <Bone refID="32" transformation="-0.3090169429779052734375,-0.951056540012359619140625,0,-0.951056540012359619140625,0.3090168535709381103515625,0,0,0,-1,2.983064174652099609375,18.0540142059326171875,-0.399960994720458984375">
        </Bone>
      </Part>
    </Brick>
    <Brick refID="32" designID="3022">
      <Part refID="32" designID="3022" materials="154">
        <Bone refID="33" transformation="-0.3090169429779052734375,-0.951056540012359619140625,0,-0.95105659961700439453125,0.309016764163970947265625,0,0,0,-1,3.287401676177978515625,17.9551258087158203125,-0.399960994720458984375">
        </Bone>
      </Part>
    </Brick>
    <Brick refID="33" designID="6143">
      <Part refID="33" designID="6143" materials="2">
        <Bone refID="34" transformation="-0.3090169429779052734375,-0.951056540012359619140625,0,-0.951056540012359619140625,0.309016764163970947265625,0,0,0,-1,4.2004146575927734375,17.65847015380859375,-0.3999612331390380859375">
        </Bone>
      </Part>
    </Brick>
    <Brick refID="34" designID="4032">
      <Part refID="34" designID="4032" materials="2">
        <Bone refID="35" transformation="-0.3090169429779052734375,-0.951056540012359619140625,0,-0.951056540012359619140625,0.309016764163970947265625,0,0,0,-1,4.504752635955810546875,17.559589385986328125,-0.3999612331390380859375">
        </Bone>
      </Part>
    </Brick>
    <Brick refID="35" designID="57908">
      <Part refID="35" designID="57908" materials="26">
        <Bone refID="36" transformation="0,0,1,-0.95105659961700439453125,0.309016704559326171875,0,-0.3090169429779052734375,-0.951056540012359619140625,0,5.170557498931884765625,16.502086639404296875,-0.3999617099761962890625">
        </Bone>
      </Part>
    </Brick>
    <Brick refID="36" designID="4871">
      <Part refID="36" designID="4871" materials="154">
        <Bone refID="37" transformation="0,0,-1,-0.951056540012359619140625,0.3090168535709381103515625,0,0.3090169429779052734375,0.951056540012359619140625,0,5.722106456756591796875,17.1640472412109375,0.40003859996795654296875">
        </Bone>
      </Part>
    </Brick>
    <Brick refID="37" designID="3004">
      <Part refID="37" designID="3004" materials="154,0,0,0" decoration="0,0,0">
        <Bone refID="38" transformation="0,0,-1,-0.951056540012359619140625,0.3090168535709381103515625,0,0.3090169429779052734375,0.951056540012359619140625,0,4.31466579437255859375,15.9390125274658203125,0.40003859996795654296875">
        </Bone>
      </Part>
    </Brick>
    <Brick refID="38" designID="3747">
      <Part refID="38" designID="3747" materials="154">
        <Bone refID="39" transformation="0,0,1,-0.95105659961700439453125,0.309016764163970947265625,0,-0.3090169429779052734375,-0.951056540012359619140625,0,3.4016511440277099609375,16.2356624603271484375,-0.3999612331390380859375">
        </Bone>
      </Part>
    </Brick>
    <Brick refID="39" designID="4070">
      <Part refID="39" designID="4070" materials="154">
        <Bone refID="40" transformation="0,0,1,-0.95105659961700439453125,0.309016764163970947265625,0,-0.3090169429779052734375,-0.951056540012359619140625,0,1.99420893192291259765625,15.0106296539306640625,0.40003836154937744140625">
        </Bone>
      </Part>
    </Brick>
    <Brick refID="40" designID="3021">
      <Part refID="40" designID="3021" materials="154">
        <Bone refID="41" transformation="0.3090169429779052734375,0.951056540012359619140625,0,-0.951056540012359619140625,0.3090168535709381103515625,0,0,0,1,0.58676826953887939453125,13.7855930328369140625,0.40003812313079833984375">
        </Bone>
      </Part>
    </Brick>
    <Brick refID="41" designID="62712">
      <Part refID="41" designID="62712" materials="26">
        <Bone refID="42" transformation="0.3090168535709381103515625,0.951056540012359619140625,0,-0.951056540012359619140625,0.309016883373260498046875,0,0,0,1,0.28243792057037353515625,13.88446044921875,0.40005147457122802734375">
        </Bone>
      </Part>
    </Brick>
    <Brick refID="42" designID="48183">
      <Part refID="42" designID="48183" materials="154">
        <Bone refID="43" transformation="-0.3090168535709381103515625,-0.951056540012359619140625,0,-0.951056540012359619140625,0.309016883373260498046875,0,0,0,-1,-0.13614952564239501953125,15.702808380126953125,-1.19994640350341796875">
        </Bone>
      </Part>
    </Brick>
    <Brick refID="43" designID="4070">
      <Part refID="43" designID="4070" materials="154">
        <Bone refID="44" transformation="0,0,1,-0.951056540012359619140625,0.3090168535709381103515625,0,-0.3090169429779052734375,-0.951056540012359619140625,0,1.9942090511322021484375,15.010631561279296875,-0.3999614715576171875">
        </Bone>
      </Part>
    </Brick>
    <Brick refID="44" designID="52107">
      <Part refID="44" designID="52107" materials="154">
        <Bone refID="45" transformation="0,0,-1,-0.3090169429779052734375,-0.951056540012359619140625,0,-0.95105659961700439453125,0.309016764163970947265625,0,1.3874530792236328125,14.955425262451171875,0.40003812313079833984375">
        </Bone>
      </Part>
    </Brick>
    <Brick refID="45" designID="2412">
      <Part refID="45" designID="2412" materials="154">
        <Bone refID="46" transformation="0,0,1,0.95105659961700439453125,-0.309016764163970947265625,0,0.3090169429779052734375,0.951056540012359619140625,0,1.594826221466064453125,14.29922771453857421875,-0.3999614715576171875">
        </Bone>
      </Part>
    </Brick>
    <Brick refID="46" designID="3023">
      <Part refID="46" designID="3023" materials="154">
        <Bone refID="47" transformation="0,0,-1,-0.3090169429779052734375,-0.951056540012359619140625,0,-0.951056540012359619140625,0.3090168535709381103515625,0,1.0907981395721435546875,14.0424137115478515625,0.40003788471221923828125">
        </Bone>
      </Part>
    </Brick>
    <Brick refID="47" designID="85984">
      <Part refID="47" designID="85984" materials="154">
        <Bone refID="48" transformation="0.95105659961700439453125,-0.3090167939662933349609375,0,-0.3090169429779052734375,-0.951056540012359619140625,0,0,0,-1,0.9919116497039794921875,13.7380733489990234375,-0.3999617099761962890625">
        </Bone>
      </Part>
    </Brick>
    <Brick refID="48" designID="3004">
      <Part refID="48" designID="3004" materials="154,0,0,0" decoration="0,0,0">
        <Bone refID="49" transformation="0,0,-1,-0.951056540012359619140625,0.3090168535709381103515625,0,0.3090169429779052734375,0.951056540012359619140625,0,5.056301593780517578125,18.2215442657470703125,0.40003859996795654296875">
        </Bone>
      </Part>
    </Brick>
    <Brick refID="49" designID="4070">
      <Part refID="49" designID="4070" materials="154">
        <Bone refID="50" transformation="0,0,-1,-0.951056540012359619140625,0.3090168535709381103515625,0,0.3090169429779052734375,0.951056540012359619140625,0,4.143290996551513671875,18.518199920654296875,-0.399960994720458984375">
        </Bone>
      </Part>
    </Brick>
    <Brick refID="50" designID="3023">
      <Part refID="50" designID="3023" materials="154">
        <Bone refID="51" transformation="0,0,-1,-0.95105659961700439453125,0.309016764163970947265625,0,0.3090169429779052734375,0.951056540012359619140625,0,3.230276584625244140625,18.8148593902587890625,0.40003859996795654296875">
        </Bone>
      </Part>
    </Brick>
    <Brick refID="51" designID="4070">
      <Part refID="51" designID="4070" materials="154">
        <Bone refID="52" transformation="0,0,-1,-0.95105659961700439453125,0.3090167939662933349609375,0,0.3090169429779052734375,0.951056540012359619140625,0,4.1432895660400390625,18.5182018280029296875,0.40003859996795654296875">
        </Bone>
      </Part>
    </Brick>
    <Brick refID="52" designID="2412">
      <Part refID="52" designID="2412" materials="154">
        <Bone refID="53" transformation="0,0,1,0.3090169429779052734375,0.951056540012359619140625,0,-0.951056540012359619140625,0.3090168535709381103515625,0,3.684864521026611328125,18.9195041656494140625,-0.399960994720458984375">
        </Bone>
      </Part>
    </Brick>
    <Brick refID="53" designID="3069">
      <Part refID="53" designID="3069" materials="154,0" decoration="0">
        <Bone refID="54" transformation="0,0,-1,-0.95105659961700439453125,0.309016764163970947265625,0,0.3090169429779052734375,0.951056540012359619140625,0,2.92593860626220703125,18.9137401580810546875,0.40026152133941650390625">
        </Bone>
      </Part>
    </Brick>
    <Brick refID="54" designID="3024">
      <Part refID="54" designID="3024" materials="154">
        <Bone refID="55" transformation="-0.3090169727802276611328125,-0.951056540012359619140625,0,-0.951056540012359619140625,0.3090169429779052734375,0,0,0,-1,1.65146481990814208984375,20.16900634765625,-1.1999599933624267578125">
        </Bone>
      </Part>
    </Brick>
    <Brick refID="55" designID="6541">
      <Part refID="55" designID="6541" materials="154">
        <Bone refID="56" transformation="0,0,-1,-0.951056540012359619140625,0.3090169131755828857421875,0,0.3090169727802276611328125,0.951056540012359619140625,0,2.56447887420654296875,19.8723506927490234375,-1.19995975494384765625">
        </Bone>
      </Part>
    </Brick>
    <Brick refID="56" designID="3665">
      <Part refID="56" designID="3665" materials="154">
        <Bone refID="57" transformation="0,0,-1,-0.951056540012359619140625,0.3090169429779052734375,0,0.3090169429779052734375,0.951056540012359619140625,0,3.2302801609039306640625,18.814849853515625,-1.1999599933624267578125">
        </Bone>
      </Part>
    </Brick>
    <Brick refID="57" designID="3069">
      <Part refID="57" designID="3069" materials="154,0" decoration="0">
        <Bone refID="58" transformation="0,0,1,-0.951056540012359619140625,0.3090169429779052734375,0,-0.30901706218719482421875,-0.95105648040771484375,0,1.0427877902984619140625,20.366779327392578125,-0.4001839160919189453125">
        </Bone>
      </Part>
    </Brick>
    <Brick refID="58" designID="2412">
      <Part refID="58" designID="2412" materials="154">
        <Bone refID="59" transformation="0.3090168535709381103515625,0.951056540012359619140625,0,-0.951056540012359619140625,0.3090168535709381103515625,0,0,0,1,0.30114710330963134765625,18.0842418670654296875,-1.1999604701995849609375">
        </Bone>
      </Part>
    </Brick>
    <Brick refID="59" designID="2412">
      <Part refID="59" designID="2412" materials="154">
        <Bone refID="60" transformation="0.3090168535709381103515625,0.951056540012359619140625,0,-0.951056540012359619140625,0.3090168535709381103515625,0,0,0,1,0.30114734172821044921875,18.0842437744140625,1.20003795623779296875">
        </Bone>
      </Part>
    </Brick>
    <Brick refID="60" designID="3069">
      <Part refID="60" designID="3069" materials="154,0" decoration="0">
        <Bone refID="61" transformation="0.30901706218719482421875,0.95105648040771484375,0,-0.951056540012359619140625,0.3090169429779052734375,0,0,0,1,-0.19334757328033447265625,16.5623416900634765625,-1.199960231781005859375">
        </Bone>
      </Part>
    </Brick>
    <Brick refID="61" designID="3069">
      <Part refID="61" designID="3069" materials="154,0" decoration="0">
        <Bone refID="62" transformation="0.3090168535709381103515625,0.951056540012359619140625,0,-0.951056540012359619140625,0.3090168535709381103515625,0,0,0,1,-0.19334852695465087890625,16.5623416900634765625,1.20003795623779296875">
        </Bone>
      </Part>
    </Brick>
    <Brick refID="62" designID="3069">
      <Part refID="62" designID="3069" materials="154,0" decoration="0">
        <Bone refID="63" transformation="0.30901706218719482421875,0.95105648040771484375,0,-0.951056540012359619140625,0.3090169429779052734375,0,0,0,1,0.7955052852630615234375,19.60572052001953125,-1.199960231781005859375">
        </Bone>
      </Part>
    </Brick>
    <Brick refID="63" designID="3069">
      <Part refID="63" designID="3069" materials="154,0" decoration="0">
        <Bone refID="64" transformation="0.30901706218719482421875,0.95105648040771484375,0,-0.951056540012359619140625,0.3090169429779052734375,0,0,0,1,0.7955057621002197265625,19.60572052001953125,1.2000381946563720703125">
        </Bone>
      </Part>
    </Brick>
    <Brick refID="64" designID="3623">
      <Part refID="64" designID="3623" materials="154">
        <Bone refID="65" transformation="0.309016764163970947265625,0.95105659961700439453125,0,-0.951056540012359619140625,0.3090168535709381103515625,0,0,0,1,0.909822881221771240234375,17.886474609375,1.2000386714935302734375">
        </Bone>
      </Part>
    </Brick>
    <Brick refID="65" designID="3023">
      <Part refID="65" designID="3023" materials="154">
        <Bone refID="66" transformation="0.3090169727802276611328125,0.951056540012359619140625,0,-0.951056540012359619140625,0.309016883373260498046875,0,0,0,1,1.2141649723052978515625,17.7875766754150390625,1.20004940032958984375">
        </Bone>
      </Part>
    </Brick>
    <Brick refID="66" designID="3022">
      <Part refID="66" designID="3022" materials="154">
        <Bone refID="67" transformation="0.309016883373260498046875,0.951056540012359619140625,0,-0.951056540012359619140625,0.3090168535709381103515625,0,0,0,1,1.51850211620330810546875,17.6886882781982421875,2.000050067901611328125">
        </Bone>
      </Part>
    </Brick>
    <Brick refID="67" designID="57909">
      <Part refID="67" designID="57909" materials="26">
        <Bone refID="68" transformation="0,0,-1,-0.951056540012359619140625,0.309016883373260498046875,0,0.3090169727802276611328125,0.95105648040771484375,0,2.678730010986328125,18.1528797149658203125,2.000049114227294921875">
        </Bone>
      </Part>
    </Brick>
    <Brick refID="68" designID="3022">
      <Part refID="68" designID="3022" materials="1">
        <Bone refID="69" transformation="0.309016883373260498046875,0.951056540012359619140625,0,-0.951056540012359619140625,0.309016883373260498046875,0,0,0,1,2.735856533050537109375,17.293148040771484375,2.000049591064453125">
        </Bone>
      </Part>
    </Brick>
    <Brick refID="69" designID="3676">
      <Part refID="69" designID="3676" materials="154">
        <Bone refID="70" transformation="0.309016883373260498046875,0.951056540012359619140625,0,-0.951056540012359619140625,0.309016883373260498046875,0,0,0,1,3.64887237548828125,16.996494293212890625,1.20004940032958984375">
        </Bone>
      </Part>
    </Brick>
    <Brick refID="70" designID="3070">
      <Part refID="70" designID="3070" materials="1,0" decoration="0">
        <Bone refID="71" transformation="0.3090169727802276611328125,0.951056540012359619140625,0,-0.951056540012359619140625,0.309016883373260498046875,0,0,0,1,2.4886429309844970703125,16.532306671142578125,2.000049591064453125">
        </Bone>
      </Part>
    </Brick>
    <Brick refID="71" designID="3024">
      <Part refID="71" designID="3024" materials="154">
        <Bone refID="72" transformation="0.309016883373260498046875,0.951056540012359619140625,0,-0.951056540012359619140625,0.309016883373260498046875,0,0,0,1,2.488645076751708984375,16.5323028564453125,1.2000496387481689453125">
        </Bone>
      </Part>
    </Brick>
    <Brick refID="72" designID="3070">
      <Part refID="72" designID="3070" materials="154,0" decoration="0">
        <Bone refID="73" transformation="0.309016883373260498046875,0.951056540012359619140625,0,-0.951056540012359619140625,0.3090168535709381103515625,0,0,0,1,2.1843068599700927734375,16.63118743896484375,1.2000496387481689453125">
        </Bone>
      </Part>
    </Brick>
    <Brick refID="73" designID="3676">
      <Part refID="73" designID="3676" materials="154">
        <Bone refID="74" transformation="0,0,-1,-0.951056540012359619140625,0.309016883373260498046875,0,0.3090169727802276611328125,0.951056540012359619140625,0,3.89608478546142578125,17.7573394775390625,1.2000491619110107421875">
        </Bone>
      </Part>
    </Brick>
    <Brick refID="74" designID="3070">
      <Part refID="74" designID="3070" materials="1,0" decoration="0">
        <Bone refID="75" transformation="0.3090169727802276611328125,0.951056540012359619140625,0,-0.951056540012359619140625,0.3090169429779052734375,0,0,0,1,3.23028278350830078125,18.8148365020751953125,2.000049591064453125">
        </Bone>
      </Part>
    </Brick>
    <Brick refID="75" designID="3069">
      <Part refID="75" designID="3069" materials="154,0" decoration="0">
        <Bone refID="76" transformation="-0.3090169727802276611328125,-0.951056540012359619140625,0,-0.951056540012359619140625,0.309016883373260498046875,0,0,0,-1,1.4614470005035400390625,18.548625946044921875,2.000049591064453125">
        </Bone>
      </Part>
    </Brick>
    <Brick refID="76" designID="3623">
      <Part refID="76" designID="3623" materials="154">
        <Bone refID="77" transformation="0.30901706218719482421875,0.95105648040771484375,0,-0.951056540012359619140625,0.3090168535709381103515625,0,0,0,1,0.909822881221771240234375,17.886474609375,-1.1999599933624267578125">
        </Bone>
      </Part>
    </Brick>
    <Brick refID="77" designID="3023">
      <Part refID="77" designID="3023" materials="154">
        <Bone refID="78" transformation="0.30901706218719482421875,0.95105648040771484375,0,-0.951056540012359619140625,0.309016883373260498046875,0,0,0,1,1.2141628265380859375,17.7875728607177734375,-1.1999504566192626953125">
        </Bone>
      </Part>
    </Brick>
    <Brick refID="78" designID="3022">
      <Part refID="78" designID="3022" materials="154">
        <Bone refID="79" transformation="0.3090169131755828857421875,0.951056540012359619140625,0,-0.951056540012359619140625,0.309016764163970947265625,0,0,0,1,1.518501758575439453125,17.6886882781982421875,-1.19995021820068359375">
        </Bone>
      </Part>
    </Brick>
    <Brick refID="79" designID="57909">
      <Part refID="79" designID="57909" materials="26">
        <Bone refID="80" transformation="0,0,1,-0.951056540012359619140625,0.3090168535709381103515625,0,-0.3090169727802276611328125,-0.951056540012359619140625,0,2.431515216827392578125,17.392032623291015625,-1.9999501705169677734375">
        </Bone>
      </Part>
    </Brick>
    <Brick refID="80" designID="3022">
      <Part refID="80" designID="3022" materials="1">
        <Bone refID="81" transformation="-0.3090168535709381103515625,-0.951056540012359619140625,0,-0.951056540012359619140625,0.3090168535709381103515625,0,0,0,-1,2.983068943023681640625,18.05399322509765625,-1.9999501705169677734375">
        </Bone>
      </Part>
    </Brick>
    <Brick refID="81" designID="3676">
      <Part refID="81" designID="3676" materials="154">
        <Bone refID="82" transformation="-0.3090169131755828857421875,-0.951056540012359619140625,0,-0.951056540012359619140625,0.309016883373260498046875,0,0,0,-1,3.896082401275634765625,17.757335662841796875,-1.1999499797821044921875">
        </Bone>
      </Part>
    </Brick>
    <Brick refID="82" designID="3070">
      <Part refID="82" designID="3070" materials="1,0" decoration="0">
        <Bone refID="83" transformation="-0.3090169727802276611328125,-0.951056540012359619140625,0,-0.951056540012359619140625,0.309016883373260498046875,0,0,0,-1,3.23028278350830078125,18.8148365020751953125,-1.9999501705169677734375">
        </Bone>
      </Part>
    </Brick>
    <Brick refID="83" designID="3676">
      <Part refID="83" designID="3676" materials="154">
        <Bone refID="84" transformation="0,0,1,-0.951056540012359619140625,0.309016883373260498046875,0,-0.309016883373260498046875,-0.951056540012359619140625,0,3.64886951446533203125,16.9964923858642578125,-1.19995021820068359375">
        </Bone>
      </Part>
    </Brick>
    <Brick refID="84" designID="3024">
      <Part refID="84" designID="3024" materials="154">
        <Bone refID="85" transformation="0.3090168535709381103515625,0.951056540012359619140625,0,-0.951056540012359619140625,0.309016883373260498046875,0,0,0,1,2.488642215728759765625,16.5323028564453125,-1.1999504566192626953125">
        </Bone>
      </Part>
    </Brick>
    <Brick refID="85" designID="3070">
      <Part refID="85" designID="3070" materials="154,0" decoration="0">
        <Bone refID="86" transformation="0.30901682376861572265625,0.951056540012359619140625,0,-0.951056540012359619140625,0.309016883373260498046875,0,0,0,1,2.1843030452728271484375,16.63118743896484375,-1.1999504566192626953125">
        </Bone>
      </Part>
    </Brick>
    <Brick refID="86" designID="3070">
      <Part refID="86" designID="3070" materials="1,0" decoration="0">
        <Bone refID="87" transformation="-0.3090169727802276611328125,-0.951056540012359619140625,0,-0.951056540012359619140625,0.309016883373260498046875,0,0,0,-1,2.488642215728759765625,16.532306671142578125,-1.9999501705169677734375">
        </Bone>
      </Part>
    </Brick>
    <Brick refID="87" designID="3069">
      <Part refID="87" designID="3069" materials="154,0" decoration="0">
        <Bone refID="88" transformation="-0.3090169727802276611328125,-0.95105648040771484375,0,-0.951056540012359619140625,0.309016883373260498046875,0,0,0,-1,1.46144390106201171875,18.548625946044921875,-1.9999506473541259765625">
        </Bone>
      </Part>
    </Brick>
    <Brick refID="88" designID="6541">
      <Part refID="88" designID="6541" materials="154">
        <Bone refID="89" transformation="0,0,-1,-0.95105659961700439453125,0.3090167939662933349609375,0,0.30901682376861572265625,0.951056540012359619140625,0,2.56447887420654296875,19.8723545074462890625,1.2000386714935302734375">
        </Bone>
      </Part>
    </Brick>
    <Brick refID="89" designID="3665">
      <Part refID="89" designID="3665" materials="154">
        <Bone refID="90" transformation="0,0,-1,-0.951056540012359619140625,0.3090168535709381103515625,0,0.30901682376861572265625,0.951056540012359619140625,0,3.2302777767181396484375,18.814853668212890625,1.2000386714935302734375">
        </Bone>
      </Part>
    </Brick>
    <Brick refID="90" designID="3034">
      <Part refID="90" designID="3034" materials="154">
        <Bone refID="91" transformation="0.3090169727802276611328125,0.951056540012359619140625,0,-0.951056540012359619140625,0.3090169429779052734375,0,0,0,1,-0.93492066860198974609375,14.280017852783203125,0.4000380039215087890625">
        </Bone>
      </Part>
    </Brick>
    <Brick refID="91" designID="3023">
      <Part refID="91" designID="3023" materials="154">
        <Bone refID="92" transformation="0,0,1,-0.95105659961700439453125,0.3090167939662933349609375,0,-0.30901682376861572265625,-0.951056540012359619140625,0,-0.13614737987518310546875,15.70280361175537109375,-0.3999502658843994140625">
        </Bone>
      </Part>
    </Brick>
    <Brick refID="92" designID="3070">
      <Part refID="92" designID="3070" materials="154,0" decoration="0">
        <Bone refID="93" transformation="0.3090169429779052734375,0.951056540012359619140625,0,-0.951056540012359619140625,0.3090169429779052734375,0,0,0,1,-0.42178952693939208984375,20.00150299072265625,-1.1999614238739013671875">
        </Bone>
      </Part>
    </Brick>
    <Brick refID="93" designID="3623">
      <Part refID="93" designID="3623" materials="154">
        <Bone refID="94" transformation="0.309016883373260498046875,0.951056540012359619140625,0,-0.951056540012359619140625,0.30901682376861572265625,0,0,0,1,-0.61188375949859619140625,18.380931854248046875,-1.19995594024658203125">
        </Bone>
      </Part>
    </Brick>
    <Brick refID="94" designID="3023">
      <Part refID="94" designID="3023" materials="154">
        <Bone refID="95" transformation="0.3090169429779052734375,0.951056540012359619140625,0,-0.951056540012359619140625,0.30901682376861572265625,0,0,0,1,-0.30754435062408447265625,18.282047271728515625,-1.19995594024658203125">
        </Bone>
      </Part>
    </Brick>
    <Brick refID="95" designID="3032">
      <Part refID="95" designID="3032" materials="1">
        <Bone refID="96" transformation="0.3090168535709381103515625,0.951056540012359619140625,0,-0.95105659961700439453125,0.3090167343616485595703125,0,0,0,1,-0.49762570858001708984375,16.6614627838134765625,1.2000372409820556640625">
        </Bone>
      </Part>
    </Brick>
    <Brick refID="96" designID="87079">
      <Part refID="96" designID="87079" materials="1,0" decoration="0">
        <Bone refID="97" transformation="0.3090169429779052734375,0.951056540012359619140625,0,-0.951056540012359619140625,0.3090168535709381103515625,0,0,0,1,-1.29639375209808349609375,15.238658905029296875,0.40003740787506103515625">
        </Bone>
      </Part>
    </Brick>
    <Brick refID="97" designID="4856">
      <Part refID="97" designID="4856" materials="154">
        <Bone refID="98" transformation="-0.30901682376861572265625,-0.951056540012359619140625,0,-0.951056540012359619140625,0.3090169131755828857421875,0,0,0,-1,-0.74483215808868408203125,15.9005947113037109375,-0.399952411651611328125">
        </Bone>
      </Part>
    </Brick>
    <Brick refID="98" designID="48183">
      <Part refID="98" designID="48183" materials="154">
