<?xml version="1.0" encoding="UTF-8" standalone="no" ?>
<LXFML versionMajor="5" versionMinor="0" name="Robot Gris Perso (1)">
  <Meta>
    <Application name="LEGO Digital Designer" versionMajor="4" versionMinor="3"/>
    <Brand name="LDD"/>
    <BrickSet version="1033"/>
  </Meta>
  <Cameras>
    <Camera refID="1" fieldOfView="80" distance="90.8017120361328125" transformation="-0.5269262790679931640625,0,-0.849910914897918701171875,-0.21456836163997650146484375,0.9676072597503662109375,0.13302771747112274169921875,0.822380125522613525390625,0.2524597942829132080078125,-0.50985777378082275390625,71.0055694580078125,21.54010009765625,-45.283267974853515625"/>
    <Camera refID="2" fieldOfView="80" distance="67.6619720458984375" transformation="0.7071068286895751953125,0,-0.7071068286895751953125,-0.408248364925384521484375,0.816496670246124267578125,-0.408248364925384521484375,0.577350318431854248046875,0.577350318431854248046875,0.577350318431854248046875,42.046642303466796875,38.19480133056640625,40.123714447021484375"/>
    <Camera refID="3" fieldOfView="80" distance="50.000003814697265625" transformation="0.707106888294219970703125,0,-0.707106888294219970703125,-0.4082483351230621337890625,0.816496670246124267578125,-0.4082483351230621337890625,0.577350318431854248046875,0.57735025882720947265625,0.577350318431854248046875,31.6641712188720703125,29.3592376708984375,27.3912353515625"/>
    <Camera refID="4" fieldOfView="80" distance="56.8739166259765625" transformation="-0.707106888294219970703125,0,0.707106888294219970703125,0.4082483351230621337890625,0.816496670246124267578125,0.4082483351230621337890625,-0.577350318431854248046875,0.57735025882720947265625,-0.577350318431854248046875,-29.7618770599365234375,32.7827301025390625,-32.2836456298828125"/>
    <Camera refID="5" fieldOfView="80" distance="50.000003814697265625" transformation="-0.707106888294219970703125,0,0.707106888294219970703125,0.408248245716094970703125,0.816496670246124267578125,0.408248245716094970703125,-0.577350437641143798828125,0.577350139617919921875,-0.577350437641143798828125,-25.6928348541259765625,31.4370861053466796875,-27.7120418548583984375"/>
    <Camera refID="6" fieldOfView="80" distance="50" transformation="-0.707106888294219970703125,0,0.707106888294219970703125,0.4082483351230621337890625,0.816496670246124267578125,0.4082483351230621337890625,-0.577350318431854248046875,0.57735025882720947265625,-0.577350318431854248046875,-25.692829132080078125,31.4370861053466796875,-30.11203765869140625"/>
    <Camera refID="7" fieldOfView="80" distance="69.49736785888671875" transformation="-0.707106888294219970703125,0,-0.707106888294219970703125,-0.4082483351230621337890625,0.816496670246124267578125,0.4082483351230621337890625,0.577350318431854248046875,0.57735025882720947265625,-0.577350318431854248046875,42.963714599609375,39.300731658935546875,-40.39644622802734375"/>
    <Camera refID="8" fieldOfView="80" distance="50.000003814697265625" transformation="0.707106769084930419921875,0,-0.707106769084930419921875,-0.4082482159137725830078125,0.81649649143218994140625,-0.4082482159137725830078125,0.5773503780364990234375,0.577350199222564697265625,0.5773503780364990234375,32.321979522705078125,29.4964141845703125,30.1253871917724609375"/>
    <Camera refID="9" fieldOfView="80" distance="50" transformation="0.707106769084930419921875,0,-0.707106769084930419921875,-0.40824830532073974609375,0.816496431827545166015625,-0.40824830532073974609375,0.577350318431854248046875,0.577350318431854248046875,0.577350318431854248046875,33.21141815185546875,29.922454833984375,29.9535980224609375"/>
    <Camera refID="10" fieldOfView="80" distance="58.052219390869140625" transformation="0.707106888294219970703125,0,0.707106888294219970703125,0.4082483351230621337890625,0.816496670246124267578125,-0.4082483351230621337890625,-0.577350318431854248046875,0.57735025882720947265625,0.577350318431854248046875,-30.0526790618896484375,33.78952789306640625,33.910186767578125"/>
    <Camera refID="11" fieldOfView="80" distance="50.000003814697265625" transformation="0.707106888294219970703125,0,-0.707106888294219970703125,-0.4082483351230621337890625,0.816496670246124267578125,-0.4082483351230621337890625,0.577350318431854248046875,0.57735025882720947265625,0.577350318431854248046875,33.506206512451171875,31.5534000396728515625,28.71508026123046875"/>
    <Camera refID="12" fieldOfView="80" distance="50" transformation="0.70710670948028564453125,0,-0.7071068286895751953125,-0.40824830532073974609375,0.816496551036834716796875,-0.408248245716094970703125,0.577350318431854248046875,0.57735025882720947265625,0.57735025882720947265625,29.9736423492431640625,31.8520660400390625,29.0679759979248046875"/>
    <Camera refID="13" fieldOfView="80" distance="50.000003814697265625" transformation="-0.707106769084930419921875,0,0.707106769084930419921875,0.4082482159137725830078125,0.81649649143218994140625,0.4082482159137725830078125,-0.5773503780364990234375,0.577350199222564697265625,-0.5773503780364990234375,-23.160030364990234375,32.088253021240234375,-29.021663665771484375"/>
    <Camera refID="14" fieldOfView="80" distance="50" transformation="-0.707106769084930419921875,0,0.707106769084930419921875,0.40824830532073974609375,0.816496431827545166015625,0.40824830532073974609375,-0.577350318431854248046875,0.577350318431854248046875,-0.577350318431854248046875,-28.398036956787109375,29.73047637939453125,-28.841106414794921875"/>
    <Camera refID="15" fieldOfView="80" distance="50" transformation="0.707106888294219970703125,0,-0.707106888294219970703125,-0.4082483351230621337890625,0.816496670246124267578125,-0.4082483351230621337890625,0.577350318431854248046875,0.57735025882720947265625,0.577350318431854248046875,31.24648284912109375,32.75539398193359375,29.0608158111572265625"/>
    <Camera refID="16" fieldOfView="80" distance="50" transformation="0.707106769084930419921875,0,-0.707106769084930419921875,-0.40824830532073974609375,0.816496431827545166015625,-0.40824830532073974609375,0.577350318431854248046875,0.577350318431854248046875,0.577350318431854248046875,31.14962005615234375,29.67121124267578125,25.598987579345703125"/>
    <Camera refID="17" fieldOfView="80" distance="50.000003814697265625" transformation="0.707106888294219970703125,0,0.7071068286895751953125,0.40824830532073974609375,0.816496551036834716796875,-0.4082483351230621337890625,-0.57735025882720947265625,0.57735025882720947265625,0.577350318431854248046875,-26.25768280029296875,30.51204681396484375,33.01770782470703125"/>
    <Camera refID="18" fieldOfView="80" distance="50" transformation="-0.707106888294219970703125,0,0.707106888294219970703125,-0.4082483351230621337890625,0.816496551036834716796875,-0.4082483351230621337890625,-0.5773503780364990234375,-0.57735025882720947265625,-0.5773503780364990234375,-26.224468231201171875,-27.0366115570068359375,-24.6815185546875"/>
    <Camera refID="19" fieldOfView="80" distance="49.999996185302734375" transformation="-0.707106888294219970703125,0,-0.707106888294219970703125,-0.4082483351230621337890625,0.816496670246124267578125,0.4082483351230621337890625,0.577350318431854248046875,0.57735025882720947265625,-0.577350318431854248046875,31.552703857421875,31.05965423583984375,-24.8622531890869140625"/>
    <Camera refID="20" fieldOfView="80" distance="50.000003814697265625" transformation="0.707106888294219970703125,0,-0.707106888294219970703125,-0.4082483351230621337890625,0.816496670246124267578125,-0.4082483351230621337890625,0.577350318431854248046875,0.57735025882720947265625,0.577350318431854248046875,33.4593048095703125,25.918300628662109375,29.3792572021484375"/>
    <Camera refID="21" fieldOfView="80" distance="50.000003814697265625" transformation="-0.707106888294219970703125,0,0.707106888294219970703125,0.4082483351230621337890625,0.816496670246124267578125,0.4082483351230621337890625,-0.577350318431854248046875,0.57735025882720947265625,-0.577350318431854248046875,-24.712169647216796875,26.5771350860595703125,-28.73049163818359375"/>
    <Camera refID="22" fieldOfView="80" distance="49.999996185302734375" transformation="-0.707106769084930419921875,0,-0.707106769084930419921875,-0.4082482159137725830078125,0.81649649143218994140625,0.4082482159137725830078125,0.5773503780364990234375,0.577350199222564697265625,-0.5773503780364990234375,33.32823944091796875,25.926952362060546875,-29.1404628753662109375"/>
    <Camera refID="23" fieldOfView="80" distance="50" transformation="0.707106888294219970703125,0,0.707106769084930419921875,0.408248245716094970703125,0.8164966106414794921875,-0.4082483351230621337890625,-0.5773503780364990234375,0.577350199222564697265625,0.57735049724578857421875,-24.740581512451171875,26.6472625732421875,28.9931430816650390625"/>
  </Cameras>
  <Bricks cameraRef="1">
    <Brick refID="0" designID="2555" itemNos="4211069">
      <Part refID="0" designID="2555" materials="199">
        <Bone refID="1" transformation="0.993134677410125732421875,0.01408555172383785247802734375,0.116125427186489105224609375,-0.0043469257652759552001953125,0.996482074260711669921875,-0.083693273365497589111328125,-0.11689577996730804443359375,0.082613907754421234130859375,0.989702165126800537109375,5.092547893524169921875,-5.184426784515380859375,2.4559452533721923828125">
        </Bone>
      </Part>
    </Brick>
    <Brick refID="1" designID="6120" itemNos="4210805">
      <Part refID="1" designID="6120" materials="199">
        <Bone refID="2" transformation="-0.993134677410125732421875,-0.01408555917441844940185546875,-0.11612550914287567138671875,-0.0043469257652759552001953125,0.996482074260711669921875,-0.083693273365497589111328125,0.11689586937427520751953125,-0.08261390030384063720703125,-0.989702284336090087890625,5.092548370361328125,-5.18442630767822265625,2.45594501495361328125">
        </Bone>
      </Part>
    </Brick>
    <Brick refID="2" designID="3069" itemNos="4211052">
      <Part refID="2" designID="3069" materials="199,0" decoration="0">
        <Bone refID="3" transformation="0.8130435943603515625,-0.5643332004547119140625,0.143136918544769287109375,0.570346891880035400390625,0.821403086185455322265625,-0.0012005143798887729644775390625,-0.116895608603954315185546875,0.082613758742809295654296875,0.989702165126800537109375,4.56188106536865234375,-2.60556697845458984375,2.164868831634521484375">
        </Bone>
      </Part>
    </Brick>
    <Brick refID="3" designID="44302" itemNos="4211804">
      <Part refID="3" designID="44302" materials="194">
        <Bone refID="4" transformation="-0.813043534755706787109375,0.56433308124542236328125,-0.14313685894012451171875,0.570346891880035400390625,0.821403086185455322265625,-0.00120046932715922594070434570312,0.116895638406276702880859375,-0.082613877952098846435546875,-0.989702165126800537109375,5.0299854278564453125,-3.32000637054443359375,2.2797949314117431640625">
        </Bone>
      </Part>
    </Brick>
    <Brick refID="4" designID="4733" itemNos="4210700">
      <Part refID="4" designID="4733" materials="199">
        <Bone refID="5" transformation="0.8130435943603515625,-0.5643332004547119140625,0.143136918544769287109375,0.570346891880035400390625,0.821403086185455322265625,-0.00120049458928406238555908203125,-0.116895683109760284423828125,0.082613907754421234130859375,0.989702165126800537109375,4.482454776763916015625,-4.108555316925048828125,2.280947208404541015625">
        </Bone>
      </Part>
    </Brick>
    <Brick refID="5" designID="4740" itemNos="4211512">
      <Part refID="5" designID="4740" materials="194,0" decoration="0">
        <Bone refID="6" transformation="0.8130435943603515625,-0.5643332004547119140625,0.143136918544769287109375,-0.116895683109760284423828125,0.082613907754421234130859375,0.989702165126800537109375,-0.570346891880035400390625,-0.821403086185455322265625,0.00120049458928406238555908203125,4.75508975982666015625,-3.6155242919921875,2.676155567169189453125">
        </Bone>
      </Part>
    </Brick>
    <Brick refID="6" designID="50746" itemNos="4521921">
      <Part refID="6" designID="50746" materials="194">
        <Bone refID="7" transformation="0.116895683109760284423828125,-0.082613907754421234130859375,-0.989702165126800537109375,0.8130435943603515625,-0.5643332004547119140625,0.143136918544769287109375,-0.5703470706939697265625,-0.821402966976165771484375,0.00120051018893718719482421875,5.12706661224365234375,-3.874303340911865234375,2.337529659271240234375">
        </Bone>
      </Part>
    </Brick>
    <Brick refID="7" designID="4070" itemNos="4211044">
      <Part refID="7" designID="4070" materials="199">
        <Bone refID="8" transformation="-0.116895638406276702880859375,0.082613877952098846435546875,0.989702165126800537109375,0.570346891880035400390625,0.821403086185455322265625,-0.00120049458928406238555908203125,-0.8130435943603515625,0.5643332004547119140625,-0.143136918544769287109375,3.8320178985595703125,-3.65708827972412109375,2.1664371490478515625">
        </Bone>
      </Part>
    </Brick>
    <Brick refID="8" designID="6141" itemNos="4210633">
      <Part refID="8" designID="6141" materials="199">
        <Bone refID="9" transformation="0.570346891880035400390625,0.821403086185455322265625,-0.00120049458928406238555908203125,-0.813043653964996337890625,0.564333140850067138671875,-0.143136918544769287109375,-0.116895683109760284423828125,0.082613907754421234130859375,0.989702165126800537109375,3.9562819004058837890625,-3.0616633892059326171875,2.1314132213592529296875">
        </Bone>
      </Part>
    </Brick>
    <Brick refID="9" designID="60478" itemNos="4521187">
      <Part refID="9" designID="60478" materials="199">
        <Bone refID="10" transformation="-0.8130435943603515625,0.5643332004547119140625,-0.143136918544769287109375,0.570346891880035400390625,0.821403086185455322265625,-0.00120049458928406238555908203125,0.116895683109760284423828125,-0.082613907754421234130859375,-0.989702165126800537109375,4.299942493438720703125,-4.371404170989990234375,2.28133106231689453125">
        </Bone>
      </Part>
    </Brick>
    <Brick refID="10" designID="4740" itemNos="4211512">
      <Part refID="10" designID="4740" materials="194,0" decoration="0">
        <Bone refID="11" transformation="-0.81304371356964111328125,0.56433331966400146484375,-0.1431370079517364501953125,0.116895683109760284423828125,-0.082613907754421234130859375,-0.989702165126800537109375,-0.5703470706939697265625,-0.821402966976165771484375,0.00120051018893718719482421875,4.848605632781982421875,-3.681615352630615234375,1.8843939304351806640625">
        </Bone>
      </Part>
    </Brick>
    <Brick refID="11" designID="6141" itemNos="4211525">
      <Part refID="11" designID="6141" materials="194">
        <Bone refID="12" transformation="0.8130435943603515625,-0.5643332004547119140625,0.143136918544769287109375,0.570346891880035400390625,0.821403086185455322265625,-0.00120049458928406238555908203125,-0.116895683109760284423828125,0.082613907754421234130859375,0.989702165126800537109375,3.466996669769287109375,-4.1827869415283203125,2.1672055721282958984375">
        </Bone>
      </Part>
    </Brick>
    <Brick refID="12" designID="3062" itemNos="4211412">
      <Part refID="12" designID="3062" materials="194,0" decoration="0">
        <Bone refID="13" transformation="-0.570346891880035400390625,-0.821403086185455322265625,0.0012005013413727283477783203125,-0.813043653964996337890625,0.564333140850067138671875,-0.143136918544769287109375,0.116895668208599090576171875,-0.082613907754421234130859375,-0.989702165126800537109375,2.9155881404876708984375,-2.3393170833587646484375,1.94819772243499755859375">
        </Bone>
      </Part>
    </Brick>
    <Brick refID="13" designID="47905" itemNos="4213574">
      <Part refID="13" designID="47905" materials="199">
        <Bone refID="14" transformation="-0.116895668208599090576171875,0.082613907754421234130859375,0.989702045917510986328125,-0.813043653964996337890625,0.564333140850067138671875,-0.143136918544769287109375,-0.570346891880035400390625,-0.821403086185455322265625,0.0012005013413727283477783203125,3.696109294891357421875,-2.8810765743255615234375,2.085609912872314453125">
        </Bone>
      </Part>
    </Brick>
    <Brick refID="14" designID="60897" itemNos="4210632">
      <Part refID="14" designID="60897" materials="199">
        <Bone refID="15" transformation="0.81304371356964111328125,-0.564333021640777587890625,0.14313693344593048095703125,0.116895817220211029052734375,-0.0826139152050018310546875,-0.98970210552215576171875,0.570346653461456298828125,0.8214032649993896484375,-0.00120044208597391843795776367188,3.287563323974609375,-2.5980956554412841796875,1.6095721721649169921875">
        </Bone>
      </Part>
    </Brick>
    <Brick refID="15" designID="60897" itemNos="4210632">
      <Part refID="15" designID="60897" materials="199">
        <Bone refID="16" transformation="-0.81304371356964111328125,0.564333021640777587890625,-0.1431367397308349609375,-0.11689577996730804443359375,0.082614026963710784912109375,0.98970210552215576171875,0.570346832275390625,0.82140314579010009765625,-0.00120066094677895307540893554688,3.19404697418212890625,-2.5320050716400146484375,2.401333332061767578125">
        </Bone>
      </Part>
    </Brick>
    <Brick refID="16" designID="4697" itemNos="4211508">
      <Part refID="16" designID="4697" materials="194">
        <Bone refID="17" transformation="-0.116895861923694610595703125,0.08261208236217498779296875,0.989702284336090087890625,-0.99314415454864501953125,-0.0097159408032894134521484375,-0.116491384804248809814453125,0,-0.996534526348114013671875,0.0831814706325531005859375,3.6781623363494873046875,-1.89455401897430419921875,2.16466522216796875">
        </Bone>
      </Part>
    </Brick>
    <Brick refID="17" designID="3070" itemNos="4210848">
      <Part refID="17" designID="3070" materials="199,0" decoration="0">
        <Bone refID="18" transformation="0,-0.996535241603851318359375,0.08317165076732635498046875,1,0,0,0,0.08317165076732635498046875,0.996535241603851318359375,4.398163318634033203125,-1.00249481201171875,2.0902080535888671875">
        </Bone>
      </Part>
    </Brick>
    <Brick refID="18" designID="4085" itemNos="4210632">
      <Part refID="18" designID="4085" materials="199">
        <Bone refID="19" transformation="0,0.996535241603851318359375,-0.08317156136035919189453125,1,0,0,0,-0.08317156136035919189453125,-0.996535241603851318359375,4.07816314697265625,-1.00249564647674560546875,2.0902097225189208984375">
        </Bone>
      </Part>
    </Brick>
    <Brick refID="19" designID="87087" itemNos="4558955">
      <Part refID="19" designID="87087" materials="199">
        <Bone refID="20" transformation="0,-0.083171553909778594970703125,-0.996535241603851318359375,1,0,0,0,-0.996535241603851318359375,0.083171553909778594970703125,3.1181633472442626953125,-1.002494335174560546875,2.09021472930908203125">
        </Bone>
      </Part>
    </Brick>
    <Brick refID="20" designID="4085" itemNos="4210632">
      <Part refID="20" designID="4085" materials="199">
        <Bone refID="21" transformation="0,0.996535241603851318359375,-0.08317156136035919189453125,1,0,0,0,-0.08317156136035919189453125,-0.996535241603851318359375,2.79816341400146484375,-1.00249516963958740234375,2.09021663665771484375">
        </Bone>
      </Part>
    </Brick>
    <Brick refID="21" designID="4697" itemNos="4211508">
      <Part refID="21" designID="4697" materials="194">
        <Bone refID="22" transformation="1,0,0,0,1,0,0,0,1,3.6799986362457275390625,-1.06885051727294921875,1.2951641082763671875">
        </Bone>
      </Part>
    </Brick>
    <Brick refID="22" designID="87087" itemNos="4558955">
      <Part refID="22" designID="87087" materials="199">
        <Bone refID="23" transformation="0,-1,0,1,0,0,0,0,1,3.1199996471405029296875,-1.0688517093658447265625,0.40000247955322265625">
        </Bone>
      </Part>
    </Brick>
    <Brick refID="23" designID="50950" itemNos="4246896">
      <Part refID="23" designID="50950" materials="199">
        <Bone refID="24" transformation="0,-1,0,1,0,0,0,0,1,5.039997100830078125,-0.2688510417938232421875,-0.399997413158416748046875">
        </Bone>
      </Part>
    </Brick>
    <Brick refID="24" designID="3021" itemNos="4211043">
      <Part refID="24" designID="3021" materials="199">
        <Bone refID="25" transformation="0,-1,0,1,0,0,0,0,1,4.399997711181640625,-0.2688496112823486328125,0.400002002716064453125">
        </Bone>
      </Part>
    </Brick>
    <Brick refID="25" designID="3021" itemNos="4211043">
      <Part refID="25" designID="3021" materials="199">
        <Bone refID="26" transformation="0,-1,0,1,0,0,0,0,1,4.079998493194580078125,-0.2688505649566650390625,0.40000164508819580078125">
        </Bone>
      </Part>
    </Brick>
    <Brick refID="26" designID="2877" itemNos="4210636">
      <Part refID="26" designID="2877" materials="199">
        <Bone refID="27" transformation="0,0,-1,1,0,0,0,-1,0,3.1199996471405029296875,-1.86885166168212890625,0.400006771087646484375">
        </Bone>
      </Part>
    </Brick>
    <Brick refID="27" designID="3022" itemNos="4211094">
      <Part refID="27" designID="3022" materials="199">
        <Bone refID="28" transformation="0,1,0,1,0,0,0,0,-1,2.7999994754791259765625,-1.868854999542236328125,-0.39999425411224365234375">
        </Bone>
      </Part>
    </Brick>
    <Brick refID="28" designID="3020" itemNos="4211065">
      <Part refID="28" designID="3020" materials="199">
        <Bone refID="29" transformation="0,-1,0,1,0,0,0,0,1,2.479996204376220703125,0.5311539173126220703125,0.40000045299530029296875">
        </Bone>
      </Part>
    </Brick>
    <Brick refID="29" designID="3795" itemNos="4211002">
      <Part refID="29" designID="3795" materials="199">
        <Bone refID="30" transformation="0,1,0,1,0,0,0,0,-1,2.15999603271484375,-1.868846416473388671875,-0.399999141693115234375">
        </Bone>
      </Part>
    </Brick>
    <Brick refID="30" designID="3700" itemNos="4211111">
      <Part refID="30" designID="3700" materials="199">
        <Bone refID="31" transformation="0,1,0,1,0,0,0,0,-1,1.19999599456787109375,-1.068845272064208984375,0.399998188018798828125">
        </Bone>
      </Part>
    </Brick>
    <Brick refID="31" designID="4871" itemNos="4211076">
      <Part refID="31" designID="4871" materials="199">
        <Bone refID="32" transformation="0,0,1,1,0,0,0,1,0,0.87999629974365234375,-0.2688457965850830078125,-0.3999993801116943359375">
        </Bone>
      </Part>
    </Brick>
    <Brick refID="32" designID="2654" itemNos="4278274">
      <Part refID="32" designID="2654" materials="199">
        <Bone refID="33" transformation="0,1,0,1,0,0,0,0,-1,0.879995822906494140625,-1.068845272064208984375,-0.399999201297760009765625">
        </Bone>
      </Part>
    </Brick>
    <Brick refID="33" designID="3023" itemNos="4211063">
      <Part refID="33" designID="3023" materials="199">
        <Bone refID="34" transformation="0,0,-1,1,0,0,0,-1,0,1.8399956226348876953125,-1.86884593963623046875,0.4000003337860107421875">
        </Bone>
      </Part>
    </Brick>
    <Brick refID="34" designID="3700" itemNos="4211111">
      <Part refID="34" designID="3700" materials="199">
        <Bone refID="35" transformation="0,1,0,1,0,0,0,0,-1,1.199996471405029296875,-1.068846225738525390625,-0.39999926090240478515625">
        </Bone>
      </Part>
    </Brick>
    <Brick refID="35" designID="6141" itemNos="4210633">
      <Part refID="35" designID="6141" materials="199">
        <Bone refID="36" transformation="0,1,0,0,0,1,1,0,0,1.779995441436767578125,-0.668845653533935546875,-1.1199991703033447265625">
        </Bone>
      </Part>
    </Brick>
    <Brick refID="36" designID="6141" itemNos="4210633">
      <Part refID="36" designID="6141" materials="199">
        <Bone refID="37" transformation="1,0,0,0,0,-1,0,1,0,1.779996395111083984375,-0.66884517669677734375,1.119998455047607421875">
        </Bone>
      </Part>
    </Brick>
    <Brick refID="37" designID="2540" itemNos="4210660">
      <Part refID="37" designID="2540" materials="199">
        <Bone refID="38" transformation="0,-1,0,1,0,0,0,0,1,1.8399960994720458984375,1.33115494251251220703125,0.40000069141387939453125">
        </Bone>
      </Part>
    </Brick>
    <Brick refID="38" designID="2540" itemNos="4210660">
      <Part refID="38" designID="2540" materials="199">
        <Bone refID="39" transformation="0,1,0,1,0,0,0,0,-1,1.8399960994720458984375,0.531154632568359375,-0.3999996185302734375">
        </Bone>
      </Part>
    </Brick>
    <Brick refID="39" designID="3023" itemNos="4211063">
      <Part refID="39" designID="3023" materials="199">
        <Bone refID="40" transformation="0,0,-1,1,0,0,0,-1,0,1.839996337890625,2.13115406036376953125,0.4000003337860107421875">
        </Bone>
      </Part>
    </Brick>
    <Brick refID="40" designID="3020" itemNos="4211395">
      <Part refID="40" designID="3020" materials="194">
        <Bone refID="41" transformation="0,0,1,1,0,0,0,1,0,1.5199968814849853515625,2.9311544895172119140625,-1.20000040531158447265625">
        </Bone>
      </Part>
    </Brick>
    <Brick refID="41" designID="4070" itemNos="4211044">
      <Part refID="41" designID="4070" materials="199">
        <Bone refID="42" transformation="0,0,-1,1,0,0,0,-1,0,1.8399965763092041015625,2.1311552524566650390625,1.19999980926513671875">
        </Bone>
      </Part>
    </Brick>
    <Brick refID="42" designID="4733" itemNos="4210700">
      <Part refID="42" designID="4733" materials="199">
        <Bone refID="43" transformation="0,-1,0,1,0,0,0,0,1,1.8399965763092041015625,2.93115520477294921875,1.19999980926513671875">
        </Bone>
      </Part>
    </Brick>
    <Brick refID="43" designID="3710" itemNos="4211445">
      <Part refID="43" designID="3710" materials="194">
        <Bone refID="44" transformation="0,0,-1,0,1,0,1,0,0,2.3999965190887451171875,3.33115482330322265625,1.2000005245208740234375">
        </Bone>
      </Part>
    </Brick>
    <Brick refID="44" designID="4733" itemNos="4210700">
      <Part refID="44" designID="4733" materials="199">
        <Bone refID="45" transformation="0,-1,0,1,0,0,0,0,1,1.839996814727783203125,2.9311544895172119140625,-1.19999992847442626953125">
        </Bone>
      </Part>
    </Brick>
    <Brick refID="45" designID="4070" itemNos="4211044">
      <Part refID="45" designID="4070" materials="199">
        <Bone refID="46" transformation="0,0,-1,1,0,0,0,-1,0,1.839996814727783203125,2.131154537200927734375,-1.20000016689300537109375">
        </Bone>
      </Part>
    </Brick>
    <Brick refID="46" designID="60478" itemNos="4515369">
      <Part refID="46" designID="60478" materials="194">
        <Bone refID="47" transformation="0,-1,0,1,0,0,0,0,1,2.799996852874755859375,2.931154727935791015625,-1.19999945163726806640625">
        </Bone>
      </Part>
    </Brick>
    <Brick refID="47" designID="50746" itemNos="4521921">
      <Part refID="47" designID="50746" materials="194">
        <Bone refID="48" transformation="0,0,-1,1,0,0,0,-1,0,3.1199970245361328125,2.131154537200927734375,-1.19999945163726806640625">
        </Bone>
      </Part>
    </Brick>
    <Brick refID="48" designID="50746" itemNos="4521921">
      <Part refID="48" designID="50746" materials="194">
        <Bone refID="49" transformation="0,0,1,1,0,0,0,1,0,3.1199970245361328125,2.9311542510986328125,-1.19999945163726806640625">
        </Bone>
      </Part>
    </Brick>
    <Brick refID="49" designID="2555" itemNos="4211369">
      <Part refID="49" designID="2555" materials="194">
        <Bone refID="50" transformation="1,0,0,0,1,0,0,0,1,2.399997711181640625,3.651154994964599609375,-1.20000016689300537109375">
        </Bone>
      </Part>
    </Brick>
    <Brick refID="50" designID="2555" itemNos="4211369">
      <Part refID="50" designID="2555" materials="194">
        <Bone refID="51" transformation="1,0,0,0,1,0,0,0,1,2.39999675750732421875,3.65115451812744140625,1.200000762939453125">
        </Bone>
      </Part>
    </Brick>
    <Brick refID="51" designID="60478" itemNos="4515369">
      <Part refID="51" designID="60478" materials="194">
        <Bone refID="52" transformation="0,-1,0,1,0,0,0,0,1,2.799996852874755859375,2.93115520477294921875,1.1999995708465576171875">
        </Bone>
      </Part>
    </Brick>
    <Brick refID="52" designID="50746" itemNos="4521921">
      <Part refID="52" designID="50746" materials="194">
        <Bone refID="53" transformation="0,0,-1,1,0,0,0,-1,0,3.1199970245361328125,2.1311552524566650390625,1.1999995708465576171875">
        </Bone>
      </Part>
    </Brick>
    <Brick refID="53" designID="50746" itemNos="4521921">
      <Part refID="53" designID="50746" materials="194">
        <Bone refID="54" transformation="0,0,1,1,0,0,0,1,0,3.1199970245361328125,2.9311549663543701171875,1.19999980926513671875">
        </Bone>
      </Part>
    </Brick>
    <Brick refID="54" designID="47905" itemNos="4213574">
      <Part refID="54" designID="47905" materials="199">
        <Bone refID="55" transformation="1,0,0,0,1,0,0,0,1,1.1199963092803955078125,1.5711548328399658203125,-1.20000016689300537109375">
        </Bone>
      </Part>
    </Brick>
    <Brick refID="55" designID="3710" itemNos="4211001">
      <Part refID="55" designID="3710" materials="199">
        <Bone refID="56" transformation="0,0,-1,0,1,0,1,0,0,1.1199958324432373046875,2.531155109405517578125,1.1999995708465576171875">
        </Bone>
      </Part>
    </Brick>
    <Brick refID="56" designID="47905" itemNos="4213574">
      <Part refID="56" designID="47905" materials="199">
        <Bone refID="57" transformation="1,0,0,0,1,0,0,0,1,1.1199972629547119140625,1.571156024932861328125,1.199999332427978515625">
        </Bone>
      </Part>
    </Brick>
    <Brick refID="57" designID="3020" itemNos="4211395">
      <Part refID="57" designID="3020" materials="194">
        <Bone refID="58" transformation="0,0,-1,-1,0,0,0,1,0,0.71999645233154296875,2.9311554431915283203125,1.1999988555908203125">
        </Bone>
      </Part>
    </Brick>
    <Brick refID="58" designID="30165" itemNos="4211093">
      <Part refID="58" designID="30165" materials="199">
        <Bone refID="59" transformation="0,0,1,-1,0,0,0,-1,0,0.39999675750732421875,2.131155490875244140625,-0.40000092983245849609375">
        </Bone>
      </Part>
    </Brick>
    <Brick refID="59" designID="3069" itemNos="4211052">
      <Part refID="59" designID="3069" materials="199,0" decoration="0">
        <Bone refID="60" transformation="0,-1,0,-1,0,0,0,0,-1,0.39999675750732421875,2.93137836456298828125,1.1999995708465576171875">
        </Bone>
      </Part>
    </Brick>
    <Brick refID="60" designID="3069" itemNos="4211052">
      <Part refID="60" designID="3069" materials="199,0" decoration="0">
        <Bone refID="61" transformation="0,-1,0,-1,0,0,0,0,-1,0.39999675750732421875,2.931377887725830078125,-1.20000112056732177734375">
        </Bone>
      </Part>
    </Brick>
    <Brick refID="61" designID="4070" itemNos="4211044">
      <Part refID="61" designID="4070" materials="199">
        <Bone refID="62" transformation="0,0,-1,-1,0,0,0,1,0,1.679996967315673828125,1.3311560153961181640625,1.1999990940093994140625">
        </Bone>
      </Part>
    </Brick>
    <Brick refID="62" designID="61409" itemNos="4521185">
      <Part refID="62" designID="61409" materials="199">
        <Bone refID="63" transformation="0,0,1,-1,0,0,0,-1,0,0.719997406005859375,1.3311557769775390625,1.200000762939453125">
        </Bone>
      </Part>
    </Brick>
    <Brick refID="63" designID="87087" itemNos="4558955">
      <Part refID="63" designID="87087" materials="199">
        <Bone refID="64" transformation="0,0,1,0,1,0,-1,0,0,1.119997501373291015625,-0.0288448333740234375,1.1999986171722412109375">
        </Bone>
      </Part>
    </Brick>
    <Brick refID="64" designID="6141" itemNos="4210633">
      <Part refID="64" designID="6141" materials="199">
        <Bone refID="65" transformation="1,0,0,0,1,0,0,0,1,1.119997501373291015625,-0.348842620849609375,1.1999995708465576171875">
        </Bone>
      </Part>
    </Brick>
    <Brick refID="65" designID="3710" itemNos="4211001">
      <Part refID="65" designID="3710" materials="199">
        <Bone refID="66" transformation="0,0,-1,0,1,0,1,0,0,1.11999607086181640625,2.8511550426483154296875,1.199999332427978515625">
        </Bone>
      </Part>
    </Brick>
    <Brick refID="66" designID="3710" itemNos="4211001">
      <Part refID="66" designID="3710" materials="199">
        <Bone refID="67" transformation="0,0,-1,0,1,0,1,0,0,1.11999607086181640625,3.17115497589111328125,1.199999332427978515625">
        </Bone>
      </Part>
    </Brick>
    <Brick refID="67" designID="3069" itemNos="4211052">
      <Part refID="67" designID="3069" materials="199,0" decoration="0">
        <Bone refID="68" transformation="0,0,-1,0,1,0,1,0,0,1.11999607086181640625,3.491155147552490234375,0.400222301483154296875">
        </Bone>
      </Part>
    </Brick>
    <Brick refID="68" designID="4070" itemNos="4211044">
      <Part refID="68" designID="4070" materials="199">
        <Bone refID="69" transformation="0,0,-1,-1,0,0,0,1,0,1.67999744415283203125,1.331155300140380859375,-1.20000064373016357421875">
        </Bone>
      </Part>
    </Brick>
    <Brick refID="69" designID="61409" itemNos="4521185">
      <Part refID="69" designID="61409" materials="199">
        <Bone refID="70" transformation="0,0,1,-1,0,0,0,-1,0,0.719997406005859375,1.3311545848846435546875,-1.2000005245208740234375">
        </Bone>
      </Part>
    </Brick>
    <Brick refID="70" designID="87087" itemNos="4558955">
      <Part refID="70" designID="87087" materials="199">
        <Bone refID="71" transformation="0,0,1,0,1,0,-1,0,0,1.119996547698974609375,-0.0288455486297607421875,-1.2000010013580322265625">
        </Bone>
      </Part>
    </Brick>
    <Brick refID="71" designID="6141" itemNos="4210633">
      <Part refID="71" designID="6141" materials="199">
        <Bone refID="72" transformation="1,0,0,0,1,0,0,0,1,1.119996547698974609375,-0.3488433361053466796875,-1.19999992847442626953125">
        </Bone>
      </Part>
    </Brick>
    <Brick refID="72" designID="3023" itemNos="4177932">
      <Part refID="72" designID="3023" materials="106">
        <Bone refID="73" transformation="0,0,1,1,0,0,0,1,0,2.7999961376190185546875,-0.26884555816650390625,-0.399999439716339111328125">
        </Bone>
      </Part>
    </Brick>
    <Brick refID="73" designID="50950" itemNos="4246896">
      <Part refID="73" designID="50950" materials="199">
        <Bone refID="74" transformation="0,-1,0,1,0,0,0,0,1,5.0399932861328125,-0.2688486576080322265625,0.40000247955322265625">
        </Bone>
      </Part>
    </Brick>
    <Brick refID="74" designID="3022" itemNos="4211094">
      <Part refID="74" designID="3022" materials="199">
        <Bone refID="75" transformation="0,-1,0,1,0,0,0,0,1,4.7199954986572265625,0.5311515331268310546875,0.39999926090240478515625">
        </Bone>
      </Part>
    </Brick>
    <Brick refID="75" designID="3023" itemNos="4211063">
      <Part refID="75" designID="3023" materials="199">
        <Bone refID="76" transformation="0,0,-1,1,0,0,0,-1,0,5.0399951934814453125,0.5311527252197265625,0.39999949932098388671875">
        </Bone>
      </Part>
    </Brick>
    <Brick refID="76" designID="3069" itemNos="4211052">
      <Part refID="76" designID="3069" materials="199,0" decoration="0">
        <Bone refID="77" transformation="0,0,-1,1,0,0,0,-1,0,5.359995365142822265625,0.531153202056884765625,0.40022289752960205078125">
        </Bone>
      </Part>
    </Brick>
    <Brick refID="77" designID="3023" itemNos="4211063">
      <Part refID="77" designID="3023" materials="199">
        <Bone refID="78" transformation="0,0,-1,1,0,0,0,-1,0,1.519996166229248046875,1.33115482330322265625,0.40000045299530029296875">
        </Bone>
      </Part>
    </Brick>
    <Brick refID="78" designID="3938" itemNos="393826">
      <Part refID="78" designID="3938" materials="26">
        <Bone refID="79" transformation="0,0,-1,1,0,0,0,-1,0,1.11999607086181640625,1.33115482330322265625,0.400000274181365966796875">
        </Bone>
      </Part>
    </Brick>
    <Brick refID="79" designID="4085" itemNos="4210632">
      <Part refID="79" designID="4085" materials="199">
        <Bone refID="80" transformation="0,-1,0,0.1621979176998138427734375,0,-0.98675823211669921875,0.98675823211669921875,0,0.1621979176998138427734375,3.678493022918701171875,0.8611545562744140625,-1.011531829833984375">
        </Bone>
      </Part>
    </Brick>
    <Brick refID="80" designID="3069" itemNos="4211052">
      <Part refID="80" designID="3069" materials="199,0" decoration="0">
        <Bone refID="81" transformation="-0.98675823211669921875,0,-0.1621979176998138427734375,0.1621979176998138427734375,0,-0.98675823211669921875,0,-1,0,3.7306168079376220703125,0.8611545562744140625,-1.3272564411163330078125">
        </Bone>
      </Part>
    </Brick>
    <Brick refID="81" designID="4081" itemNos="4210828">
      <Part refID="81" designID="4081" materials="199">
        <Bone refID="82" transformation="-0.98675823211669921875,0,-0.1621979176998138427734375,0.1621979176998138427734375,0,-0.98675823211669921875,0,-1,0,2.8890855312347412109375,0.8611545562744140625,-1.1412889957427978515625">
        </Bone>
      </Part>
    </Brick>
    <Brick refID="82" designID="6019" itemNos="4216973">
      <Part refID="82" designID="6019" materials="199">
        <Bone refID="83" transformation="0,1,0,0.1621979176998138427734375,0,-0.98675823211669921875,-0.98675823211669921875,0,-0.1621979176998138427734375,2.837182521820068359375,0.861154615879058837890625,-0.825526297092437744140625">
        </Bone>
      </Part>
    </Brick>
    <Brick refID="83" designID="6141" itemNos="4210633">
      <Part refID="83" designID="6141" materials="199">
        <Bone refID="84" transformation="-0.16219796240329742431640625,0,0.98675823211669921875,0.98675823211669921875,0,0.16219784319400787353515625,0,1,0,4.033779621124267578125,0.061153888702392578125,-1.20007050037384033203125">
        </Bone>
      </Part>
    </Brick>
    <Brick refID="84" designID="3062" itemNos="4211090">
      <Part refID="84" designID="3062" materials="199,0" decoration="0">
        <Bone refID="85" transformation="-0.1621979176998138427734375,0,0.98675823211669921875,0.98675823211669921875,0,0.1621979176998138427734375,0,1,0,3.0864903926849365234375,0.06115436553955078125,-1.3557798862457275390625">
        </Bone>
      </Part>
    </Brick>
    <Brick refID="85" designID="6141" itemNos="4210633">
      <Part refID="85" designID="6141" materials="199">
        <Bone refID="86" transformation="0,1,0,-0.98675835132598876953125,0,-0.16219799220561981201171875,-0.16219772398471832275390625,0,0.986758291721343994140625,2.770728588104248046875,0.061154901981353759765625,-1.40768301486968994140625">
        </Bone>
      </Part>
    </Brick>
    <Brick refID="86" designID="4599" itemNos="4211503">
      <Part refID="86" designID="4599" materials="194">
