<?xml version="1.0" encoding="UTF-8" standalone="no" ?>
<LXFML versionMajor="5" versionMinor="0" name="Untitled">
  <Meta>
    <Application name="LEGO Digital Designer" versionMajor="4" versionMinor="3"/>
    <Brand name="LDDExtended"/>
    <BrickSet version="1033"/>
  </Meta>
  <Cameras>
    <Camera refID="1" fieldOfView="80" distance="82.89441680908203125" transformation="-0.464239776134490966796875,0,-0.885709583759307861328125,-0.13158939778804779052734375,0.98890209197998046875,0.06897185742855072021484375,0.875879943370819091796875,0.1485694944858551025390625,-0.4590876400470733642578125,77.175567626953125,20.0023860931396484375,-38.855804443359375"/>
  </Cameras>
  <Bricks cameraRef="1">
    <Brick refID="0" designID="92903">
      <Part refID="0" designID="92903" materials="1">
        <Bone refID="1" transformation="-1,0,0,0,1,0,0,0,-1,5.200000286102294921875,9.6778049468994140625,-1.19999980926513671875">
        </Bone>
      </Part>
    </Brick>
    <Brick refID="1" designID="48336">
      <Part refID="1" designID="48336" materials="1">
        <Bone refID="2" transformation="1,0,0,0,1,0,0,0,1,1.9999997615814208984375,8.71780490875244140625,-0.40000164508819580078125">
        </Bone>
      </Part>
    </Brick>
    <Brick refID="2" designID="3004">
      <Part refID="2" designID="3004" materials="1,0,0,0" decoration="0,0,0">
        <Bone refID="3" transformation="0,0,-1,0,1,0,1,0,0,3.6000003814697265625,9.03780460357666015625,-0.3999993801116943359375">
        </Bone>
      </Part>
    </Brick>
    <Brick refID="3" designID="3023">
      <Part refID="3" designID="3023" materials="1">
        <Bone refID="4" transformation="0,0,-1,0,1,0,1,0,0,3.6000003814697265625,8.71780490875244140625,-0.3999993801116943359375">
        </Bone>
      </Part>
    </Brick>
    <Brick refID="4" designID="3003">
      <Part refID="4" designID="3003" materials="1,0,0" decoration="0,0">
        <Bone refID="5" transformation="1,0,0,0,1,0,0,0,1,2.7999999523162841796875,7.75780487060546875,-0.4000014364719390869140625">
        </Bone>
      </Part>
    </Brick>
    <Brick refID="5" designID="3004">
      <Part refID="5" designID="3004" materials="1,0,0,0" decoration="0,0,0">
        <Bone refID="6" transformation="0,0,-1,0,1,0,1,0,0,3.599999904632568359375,6.797804355621337890625,-0.4000003337860107421875">
        </Bone>
      </Part>
    </Brick>
    <Brick refID="6" designID="3022">
      <Part refID="6" designID="3022" materials="1">
        <Bone refID="7" transformation="1,0,0,0,1,0,0,0,1,2.7999999523162841796875,6.477804660797119140625,-0.4000014364719390869140625">
        </Bone>
      </Part>
    </Brick>
    <Brick refID="7" designID="2540">
      <Part refID="7" designID="2540" materials="1">
        <Bone refID="8" transformation="1,0,0,0,1,0,0,0,1,2.7999999523162841796875,6.1578044891357421875,-0.4000014364719390869140625">
        </Bone>
      </Part>
    </Brick>
    <Brick refID="8" designID="3022">
      <Part refID="8" designID="3022" materials="1">
        <Bone refID="9" transformation="-1,0,0,0,1,0,0,0,-1,3.6000003814697265625,5.8378047943115234375,-1.2000024318695068359375">
        </Bone>
      </Part>
    </Brick>
    <Brick refID="9" designID="6141">
      <Part refID="9" designID="6141" materials="194">
        <Bone refID="10" transformation="0,0,-1,0,1,0,1,0,0,3.2000005245208740234375,5.517804622650146484375,-0.800001919269561767578125">
        </Bone>
      </Part>
    </Brick>
    <Brick refID="10" designID="4032">
      <Part refID="10" designID="4032" materials="199">
        <Bone refID="11" transformation="0,0,-1,0,1,0,1,0,0,3.599999904632568359375,5.19780445098876953125,-0.4000022411346435546875">
        </Bone>
      </Part>
    </Brick>
    <Brick refID="11" designID="4081">
      <Part refID="11" designID="4081" materials="1">
        <Bone refID="12" transformation="1,0,0,0,1,0,0,0,1,2.799998760223388671875,4.877804279327392578125,-0.3999966681003570556640625">
        </Bone>
      </Part>
    </Brick>
    <Brick refID="12" designID="50746">
      <Part refID="12" designID="50746" materials="1">
        <Bone refID="13" transformation="0,1,0,-1,0,0,0,0,0.999999940395355224609375,2.63999843597412109375,5.1214733123779296875,0.400001585483551025390625">
        </Bone>
      </Part>
    </Brick>
    <Brick refID="13" designID="32064">
      <Part refID="13" designID="32064" materials="1">
        <Bone refID="14" transformation="-1,0,0,0,1,0,0,0,-1,3.59999847412109375,3.917804241180419921875,-0.3999984264373779296875">
        </Bone>
      </Part>
    </Brick>
    <Brick refID="14" designID="32073">
      <Part refID="14" designID="32073" materials="26">
        <Bone refID="15" transformation="-0.9999217987060546875,0.01249340735375881195068359375,0,0.01249342970550060272216796875,0.9999215602874755859375,0,0,0,-1,3.1999988555908203125,4.49780368804931640625,-2.8000009059906005859375">
        </Bone>
      </Part>
    </Brick>
    <Brick refID="15" designID="32064">
      <Part refID="15" designID="32064" materials="1">
        <Bone refID="16" transformation="-1,0,0,0,1,0,0,0,-1,3.5999996662139892578125,3.91780376434326171875,-1.2000024318695068359375">
        </Bone>
      </Part>
    </Brick>
    <Brick refID="16" designID="4081">
      <Part refID="16" designID="4081" materials="1">
        <Bone refID="17" transformation="-1,0,0,0,1,0,0,0,-1,2.7999989986419677734375,4.877803802490234375,-1.19999969005584716796875">
        </Bone>
      </Part>
    </Brick>
    <Brick refID="17" designID="50746">
      <Part refID="17" designID="50746" materials="1">
        <Bone refID="18" transformation="0,-1.00000011920928955078125,0,-1.00000011920928955078125,0,0,0,0,-1,2.64000034332275390625,5.121473789215087890625,-1.99999892711639404296875">
        </Bone>
      </Part>
    </Brick>
    <Brick refID="18" designID="93571">
      <Part refID="18" designID="93571" materials="199">
        <Bone refID="19" transformation="0.01249341480433940887451171875,0.99992144107818603515625,0,0,0,0.999999821186065673828125,0.9999217987060546875,-0.01249337755143642425537109375,0,3.1800386905670166015625,2.90016937255859375,-2.4000041484832763671875">
        </Bone>
      </Part>
    </Brick>
    <Brick refID="19" designID="32123">
      <Part refID="19" designID="32123" materials="194">
        <Bone refID="20" transformation="-0.9999217987060546875,0.012492981739342212677001953125,0,0.01249314285814762115478515625,0.9999215602874755859375,0,0,0,-0.9999997615814208984375,3.1999995708465576171875,4.497804164886474609375,-2.000003814697265625">
        </Bone>
      </Part>
    </Brick>
    <Brick refID="20" designID="32123">
      <Part refID="20" designID="32123" materials="194">
        <Bone refID="21" transformation="-0.9999217987060546875,0.012492981739342212677001953125,0,0.012493127025663852691650390625,0.9999215602874755859375,0,0,0,-0.9999997615814208984375,3.19999980926513671875,4.497804164886474609375,0">
        </Bone>
      </Part>
    </Brick>
    <Brick refID="21" designID="93571">
      <Part refID="21" designID="93571" materials="199">
        <Bone refID="22" transformation="0.01249341480433940887451171875,0.99992144107818603515625,0,0,0,0.999999821186065673828125,0.9999217987060546875,-0.01249337755143642425537109375,0,3.18003749847412109375,2.900168895721435546875,0.79999649524688720703125">
        </Bone>
      </Part>
    </Brick>
    <Brick refID="22" designID="2540">
      <Part refID="22" designID="2540" materials="1">
        <Bone refID="23" transformation="0,0,-1,0,1,0,1,0,0,3.5999987125396728515625,4.877804279327392578125,-0.4000012874603271484375">
        </Bone>
      </Part>
    </Brick>
    <Brick refID="23" designID="2540">
      <Part refID="23" designID="2540" materials="1">
        <Bone refID="24" transformation="-1,0,0,0,1,0,0,0,-1,3.600000858306884765625,6.1578044891357421875,-1.2000005245208740234375">
        </Bone>
      </Part>
    </Brick>
    <Brick refID="24" designID="3660">
      <Part refID="24" designID="3660" materials="1">
        <Bone refID="25" transformation="0,0,1,0,1,0,-1,0,0,2.80000019073486328125,6.797804355621337890625,-1.20000064373016357421875">
        </Bone>
      </Part>
    </Brick>
    <Brick refID="25" designID="3004">
      <Part refID="25" designID="3004" materials="1,0,0,0" decoration="0,0,0">
        <Bone refID="26" transformation="0,0,-1,0,1,0,1,0,0,1.99999988079071044921875,7.75780487060546875,-0.400002539157867431640625">
        </Bone>
      </Part>
    </Brick>
    <Brick refID="26" designID="3022">
      <Part refID="26" designID="3022" materials="1">
        <Bone refID="27" transformation="1,0,0,0,1,0,0,0,1,2.80000019073486328125,9.9978046417236328125,-0.3999995291233062744140625">
        </Bone>
      </Part>
    </Brick>
    <Brick refID="27" designID="3023">
      <Part refID="27" designID="3023" materials="1">
        <Bone refID="28" transformation="0,0,1,0,1,0,-1,0,0,2.80000019073486328125,10.3178043365478515625,-1.19999980926513671875">
        </Bone>
      </Part>
    </Brick>
    <Brick refID="28" designID="3023">
      <Part refID="28" designID="3023" materials="1">
        <Bone refID="29" transformation="0,0,1,0,1,0,-1,0,0,2.80000019073486328125,10.6378040313720703125,-1.19999980926513671875">
        </Bone>
      </Part>
    </Brick>
    <Brick refID="29" designID="3710">
      <Part refID="29" designID="3710" materials="1">
        <Bone refID="30" transformation="0,0,-1,0,1,0,1,0,0,2.799999713897705078125,9.6778049468994140625,0.40000069141387939453125">
        </Bone>
      </Part>
    </Brick>
    <Brick refID="30" designID="3023">
      <Part refID="30" designID="3023" materials="1">
        <Bone refID="31" transformation="0,0,1,0,1,0,-1,0,0,2.80000019073486328125,9.35780429840087890625,-1.20000064373016357421875">
        </Bone>
      </Part>
    </Brick>
    <Brick refID="31" designID="3023">
      <Part refID="31" designID="3023" materials="1">
        <Bone refID="32" transformation="0,0,1,0,1,0,-1,0,0,2.80000019073486328125,9.03780460357666015625,-1.20000064373016357421875">
        </Bone>
      </Part>
    </Brick>
    <Brick refID="32" designID="30193">
      <Part refID="32" designID="30193" materials="199">
        <Bone refID="33" transformation="0,-0.968330562114715576171875,-0.24967287480831146240234375,1.00000011920928955078125,0,0,0,-0.24967284500598907470703125,0.968330442905426025390625,2.939998626708984375,5.12147426605224609375,0.40000331401824951171875">
        </Bone>
      </Part>
    </Brick>
    <Brick refID="33" designID="48336">
      <Part refID="33" designID="48336" materials="1">
        <Bone refID="34" transformation="-1,0,0,0,1,0,0,0,-1,2.80000019073486328125,8.71780490875244140625,-1.2000026702880859375">
        </Bone>
      </Part>
    </Brick>
    <Brick refID="34" designID="3023">
      <Part refID="34" designID="3023" materials="1">
        <Bone refID="35" transformation="0,0,-1,0,1,0,1,0,0,1.999999523162841796875,9.0378055572509765625,-0.4000008404254913330078125">
        </Bone>
      </Part>
    </Brick>
    <Brick refID="35" designID="3004">
      <Part refID="35" designID="3004" materials="1,0,0,0" decoration="0,0,0">
        <Bone refID="36" transformation="0,0,-1,0,1,0,1,0,0,1.99999964237213134765625,9.3578052520751953125,-0.4000008404254913330078125">
        </Bone>
      </Part>
    </Brick>
    <Brick refID="36" designID="6091">
      <Part refID="36" designID="6091" materials="1">
        <Bone refID="37" transformation="0,0,-1,0,1,0,1,0,0,2.7999999523162841796875,10.9578037261962890625,-0.400000095367431640625">
        </Bone>
      </Part>
    </Brick>
    <Brick refID="37" designID="6091">
      <Part refID="37" designID="6091" materials="1">
        <Bone refID="38" transformation="0,0,-1,0,1,0,1,0,0,2.80000019073486328125,10.9578037261962890625,-1.19999980926513671875">
        </Bone>
      </Part>
    </Brick>
    <Brick refID="38" designID="3068">
      <Part refID="38" designID="3068" materials="1,0" decoration="0">
        <Bone refID="39" transformation="1,0,0,0,1,0,0,0,1,2.80000019073486328125,11.27780437469482421875,-0.40000057220458984375">
        </Bone>
      </Part>
    </Brick>
    <Brick refID="39" designID="30193">
      <Part refID="39" designID="30193" materials="199">
        <Bone refID="40" transformation="0,-0.942089080810546875,0.335363805294036865234375,0.999999940395355224609375,0,0,0,0.3353638350963592529296875,0.942088901996612548828125,2.659999370574951171875,5.121472835540771484375,-1.99999964237213134765625">
        </Bone>
      </Part>
    </Brick>
    <Brick refID="40" designID="6091">
      <Part refID="40" designID="6091" materials="1">
        <Bone refID="41" transformation="0,0,1,0,1,0,-1,0,0,3.6000003814697265625,10.3178043365478515625,-1.19999980926513671875">
        </Bone>
      </Part>
    </Brick>
    <Brick refID="41" designID="3023">
      <Part refID="41" designID="3023" materials="1">
        <Bone refID="42" transformation="0,0,1,0,1,0,-1,0,0,3.6000003814697265625,10.63780498504638671875,-1.19999980926513671875">
        </Bone>
      </Part>
    </Brick>
    <Brick refID="42" designID="92903">
      <Part refID="42" designID="92903" materials="1">
        <Bone refID="43" transformation="-1,0,0,0,1,0,0,0,-1,5.200000286102294921875,9.6778049468994140625,-0.3999996185302734375">
        </Bone>
      </Part>
    </Brick>
    <Brick refID="43" designID="3665">
      <Part refID="43" designID="3665" materials="1">
        <Bone refID="44" transformation="0,0,-1,0,1,0,1,0,0,4.400000095367431640625,8.71780490875244140625,-0.3999996185302734375">
        </Bone>
      </Part>
    </Brick>
    <Brick refID="44" designID="6091">
      <Part refID="44" designID="6091" materials="1">
        <Bone refID="45" transformation="0,0,1,0,1,0,-1,0,0,3.6000003814697265625,10.3178043365478515625,-0.3999996185302734375">
        </Bone>
      </Part>
    </Brick>
    <Brick refID="45" designID="6141">
      <Part refID="45" designID="6141" materials="42">
        <Bone refID="46" transformation="0,1,0,-1,0,0,0,0,1,5.120000362396240234375,8.3378047943115234375,-0.799999237060546875">
        </Bone>
      </Part>
    </Brick>
    <Brick refID="46" designID="3700">
      <Part refID="46" designID="3700" materials="1">
        <Bone refID="47" transformation="0,0,-1.00000011920928955078125,0,1,0,1,0,0,4.40000057220458984375,7.75780487060546875,-0.39999866485595703125">
        </Bone>
      </Part>
    </Brick>
    <Brick refID="47" designID="32028">
      <Part refID="47" designID="32028" materials="194">
        <Bone refID="48" transformation="0,0,-1.00000011920928955078125,0,1,0,1,0,0,4.40000057220458984375,7.437804698944091796875,-0.3999996185302734375">
        </Bone>
      </Part>
    </Brick>
    <Brick refID="48" designID="3665">
      <Part refID="48" designID="3665" materials="21">
        <Bone refID="49" transformation="-1,0,0,0,1,0,0,0,-1,4.400000095367431640625,6.47780513763427734375,-1.19999980926513671875">
        </Bone>
      </Part>
    </Brick>
    <Brick refID="49" designID="6141">
      <Part refID="49" designID="6141" materials="182">
        <Bone refID="50" transformation="0,-1,0,1,0,0,0,0,0.999999940395355224609375,3.7600002288818359375,8.6414737701416015625,-2.8000011444091796875">
        </Bone>
      </Part>
    </Brick>
    <Brick refID="50" designID="4081">
      <Part refID="50" designID="4081" materials="1">
        <Bone refID="51" transformation="-1,0,0,0,1,0,0,0,-1,3.6000001430511474609375,8.39780521392822265625,-2.00000095367431640625">
        </Bone>
      </Part>
    </Brick>
    <Brick refID="51" designID="3665">
      <Part refID="51" designID="3665" materials="1">
        <Bone refID="52" transformation="0,0,1,0,1,0,-1,0,0,4.400000095367431640625,7.437804698944091796875,-2.0000007152557373046875">
        </Bone>
      </Part>
    </Brick>
    <Brick refID="52" designID="6141">
      <Part refID="52" designID="6141" materials="194">
        <Bone refID="53" transformation="1,0,0,0,1,0,0,0,1,4.3999996185302734375,8.39780521392822265625,-2.00000095367431640625">
        </Bone>
      </Part>
    </Brick>
    <Brick refID="53" designID="92903">
      <Part refID="53" designID="92903" materials="1">
        <Bone refID="54" transformation="-1,0,0,0,1,0,0,0,-1,4.3999996185302734375,8.71780490875244140625,-2.00000095367431640625">
        </Bone>
      </Part>
    </Brick>
    <Brick refID="54" designID="50746">
      <Part refID="54" designID="50746" materials="21">
        <Bone refID="55" transformation="-1,0,0,0,1,0,0,0,-1,2.799999713897705078125,10.31780529022216796875,-2.0000011920928955078125">
        </Bone>
      </Part>
    </Brick>
    <Brick refID="55" designID="6091">
      <Part refID="55" designID="6091" materials="1">
        <Bone refID="56" transformation="0,0,1,0,1,0,-1,0,0,2.80000019073486328125,9.3578052520751953125,-2.00000095367431640625">
        </Bone>
      </Part>
    </Brick>
    <Brick refID="56" designID="3665">
      <Part refID="56" designID="3665" materials="1">
        <Bone refID="57" transformation="0,0,-1,0,1,0,1,0,0,4.400000095367431640625,8.71780490875244140625,-1.19999980926513671875">
        </Bone>
      </Part>
    </Brick>
    <Brick refID="57" designID="3665">
      <Part refID="57" designID="3665" materials="21">
        <Bone refID="58" transformation="1,0,0,0,1,0,0,0,1,4.400000095367431640625,6.47780513763427734375,-0.3999996185302734375">
        </Bone>
      </Part>
    </Brick>
    <Brick refID="58" designID="6141">
      <Part refID="58" designID="6141" materials="194">
        <Bone refID="59" transformation="1,0,0,0,1,0,0,0,1,4.400000095367431640625,8.39780521392822265625,0.40000057220458984375">
        </Bone>
      </Part>
    </Brick>
    <Brick refID="59" designID="92903">
      <Part refID="59" designID="92903" materials="1">
        <Bone refID="60" transformation="-1,0,0,0,1,0,0,0,-1,4.400000095367431640625,8.71780490875244140625,0.40000152587890625">
        </Bone>
      </Part>
    </Brick>
    <Brick refID="60" designID="3665">
      <Part refID="60" designID="3665" materials="1">
        <Bone refID="61" transformation="0,0,1,0,1,0,-1,0,0,4.3999996185302734375,7.43780517578125,0.40000057220458984375">
        </Bone>
      </Part>
    </Brick>
    <Brick refID="61" designID="50746">
      <Part refID="61" designID="50746" materials="21">
        <Bone refID="62" transformation="1,0,0,0,1,0,0,0,1,2.80000019073486328125,10.31780529022216796875,0.4000004827976226806640625">
        </Bone>
      </Part>
    </Brick>
    <Brick refID="62" designID="6091">
      <Part refID="62" designID="6091" materials="1">
        <Bone refID="63" transformation="0,0,1,0,1,0,-1,0,0,2.800000667572021484375,9.3578052520751953125,0.4000004827976226806640625">
        </Bone>
      </Part>
    </Brick>
    <Brick refID="63" designID="4081">
      <Part refID="63" designID="4081" materials="1">
        <Bone refID="64" transformation="1,0,0,0,1,0,0,0,1,3.6000001430511474609375,8.39780521392822265625,0.40000057220458984375">
        </Bone>
      </Part>
    </Brick>
    <Brick refID="64" designID="6141">
      <Part refID="64" designID="6141" materials="182">
        <Bone refID="65" transformation="0,-1.00000011920928955078125,0,1.00000011920928955078125,0,0,0,0,1,3.7599999904632568359375,8.6414737701416015625,1.19999980926513671875">
        </Bone>
      </Part>
    </Brick>
    <Brick refID="65" designID="32123">
      <Part refID="65" designID="32123" materials="194">
        <Bone refID="66" transformation="-0.8311955928802490234375,-0.555980265140533447265625,0,-0.555980265140533447265625,0.8311955928802490234375,0,0,0,-1,4.39999866485595703125,5.12580394744873046875,-1.65000057220458984375">
        </Bone>
      </Part>
    </Brick>
    <Brick refID="66" designID="32123">
      <Part refID="66" designID="32123" materials="194">
        <Bone refID="67" transformation="-0.79948711395263671875,-0.58229732513427734375,0.14748013019561767578125,-0.572339832782745361328125,0.812974870204925537109375,0.1072317659854888916015625,-0.18233843147754669189453125,0.00132160529028624296188354492188,-0.983235180377960205078125,2.853622913360595703125,1.7858600616455078125,-3.1546115875244140625">
        </Bone>
      </Part>
    </Brick>
    <Brick refID="67" designID="32062">
      <Part refID="67" designID="32062" materials="26">
        <Bone refID="68" transformation="-0.79948675632476806640625,-0.58229732513427734375,0.147480070590972900390625,-0.5723397731781005859375,0.8129746913909912109375,0.10723178088665008544921875,-0.182338416576385498046875,0.00132164428941905498504638671875,-0.983234941959381103515625,2.8536231517791748046875,1.78586041927337646484375,-3.15460968017578125">
        </Bone>
      </Part>
    </Brick>
    <Brick refID="68" designID="50923">
      <Part refID="68" designID="50923" materials="199">
        <Bone refID="69" transformation="-0.79948711395263671875,-0.5822975635528564453125,0.1474802196025848388671875,0.5723402500152587890625,-0.812974989414215087890625,-0.107231833040714263916015625,0.18233840167522430419921875,-0.00132153078448027372360229492188,0.983234703540802001953125,3.1800365447998046875,2.9001674652099609375,-2.400003910064697265625">
        </Bone>
      </Part>
    </Brick>
    <Brick refID="69" designID="32123">
      <Part refID="69" designID="32123" materials="194">
        <Bone refID="70" transformation="-0.79948711395263671875,-0.58229732513427734375,0.14748013019561767578125,-0.572339951992034912109375,0.8129749298095703125,0.10723175108432769775390625,-0.182338416576385498046875,0.00132164428941905498504638671875,-0.983234941959381103515625,3.072428226470947265625,1.7842743396759033203125,-1.974727630615234375">
        </Bone>
      </Part>
    </Brick>
    <Brick refID="70" designID="32062">
      <Part refID="70" designID="32062" materials="26">
        <Bone refID="71" transformation="-0.57234060764312744140625,0.812975227832794189453125,0.107231907546520233154296875,0.799486935138702392578125,0.582297623157501220703125,-0.1474801599979400634765625,-0.18233846127986907958984375,0.0013215541839599609375,-0.983235299587249755859375,2.22861766815185546875,1.3199138641357421875,-2.9579665660858154296875">
        </Bone>
      </Part>
    </Brick>
    <Brick refID="71" designID="41677">
      <Part refID="71" designID="41677" materials="199">
        <Bone refID="72" transformation="-0.57234060764312744140625,0.812975227832794189453125,0.107231907546520233154296875,0.799486935138702392578125,0.582297623157501220703125,-0.1474801599979400634765625,-0.18233846127986907958984375,0.0013215541839599609375,-0.983235299587249755859375,2.6682550907135009765625,0.6696643829345703125,-3.142076969146728515625">
        </Bone>
      </Part>
    </Brick>
    <Brick refID="72" designID="41677">
      <Part refID="72" designID="41677" materials="199">
        <Bone refID="73" transformation="-0.57234060764312744140625,0.812975227832794189453125,0.107231907546520233154296875,0.799486935138702392578125,0.582297623157501220703125,-0.1474801599979400634765625,-0.18233846127986907958984375,0.0013215541839599609375,-0.983235299587249755859375,2.9052960872650146484375,0.667949199676513671875,-1.8638703823089599609375">
        </Bone>
      </Part>
    </Brick>
    <Brick refID="73" designID="30602">
      <Part refID="73" designID="30602" materials="1">
        <Bone refID="74" transformation="-0.18233810365200042724609375,0.00132167525589466094970703125,-0.98323500156402587890625,-0.01894726045429706573486328125,0.99980890750885009765625,0.004857666790485382080078125,0.983053267002105712890625,0.01951534859836101531982421875,-0.18227817118167877197265625,5.26020717620849609375,0.46689605712890625,-2.35170269012451171875">
        </Bone>
      </Part>
    </Brick>
    <Brick refID="74" designID="3839">
      <Part refID="74" designID="3839" materials="199">
        <Bone refID="75" transformation="0.18233801424503326416015625,-0.0013216775842010974884033203125,0.98323500156402587890625,-0.01894725859165191650390625,0.999808847904205322265625,0.004857666790485382080078125,-0.983053267002105712890625,-0.01951533369719982147216796875,0.18227808177471160888671875,5.12039852142333984375,0.1480154097080230712890625,-3.1398465633392333984375">
        </Bone>
      </Part>
    </Brick>
    <Brick refID="75" designID="3022">
      <Part refID="75" designID="3022" materials="1">
        <Bone refID="76" transformation="-0.18233810365200042724609375,0.00132167525589466094970703125,-0.98323500156402587890625,-0.01894725859165191650390625,0.999808847904205322265625,0.004857666790485382080078125,0.983053267002105712890625,0.01951533369719982147216796875,-0.18227817118167877197265625,4.479827404022216796875,0.131345808506011962890625,-2.20743560791015625">
        </Bone>
      </Part>
    </Brick>
    <Brick refID="76" designID="2540">
      <Part refID="76" designID="2540" materials="199">
        <Bone refID="77" transformation="0.18233819305896759033203125,-0.00132167281117290258407592773438,0.9832351207733154296875,-0.01894725859165191650390625,0.999808847904205322265625,0.004857666790485382080078125,-0.983053624629974365234375,-0.01951529271900653839111328125,0.18227826058864593505859375,3.5414507389068603515625,0.43673074245452880859375,-2.8466451168060302734375">
        </Bone>
      </Part>
    </Brick>
    <Brick refID="77" designID="6091">
      <Part refID="77" designID="6091" materials="1">
        <Bone refID="78" transformation="0.983053267002105712890625,0.01951537095010280609130859375,-0.1822784245014190673828125,-0.01894726045429706573486328125,0.99980890750885009765625,0.00485767424106597900390625,0.18233837187290191650390625,-0.00132167339324951171875,0.983235061168670654296875,3.5353853702545166015625,0.75666904449462890625,-2.8450927734375">
        </Bone>
      </Part>
    </Brick>
    <Brick refID="78" designID="3069">
      <Part refID="78" designID="3069" materials="322,0" decoration="0">
        <Bone refID="79" transformation="-0.182338237762451171875,0.0013216771185398101806640625,-0.9832351207733154296875,-0.01894726045429706573486328125,0.99980890750885009765625,0.0048576705157756805419921875,0.983053267002105712890625,0.01951535977423191070556640625,-0.18227829039096832275390625,3.67523479461669921875,1.075549602508544921875,-2.05672931671142578125">
        </Bone>
      </Part>
    </Brick>
    <Brick refID="79" designID="6091">
      <Part refID="79" designID="6091" materials="1">
        <Bone refID="80" transformation="-0.983053267002105712890625,-0.01951535604894161224365234375,0.18227840960025787353515625,-0.01894724555313587188720703125,0.99980890750885009765625,0.00485767424106597900390625,-0.18233835697174072265625,0.00132167525589466094970703125,-0.983235061168670654296875,3.681256771087646484375,0.755611419677734375,-2.05850505828857421875">
        </Bone>
      </Part>
    </Brick>
    <Brick refID="80" designID="50746">
      <Part refID="80" designID="50746" materials="1">
        <Bone refID="81" transformation="1,-1.14387639769120141863822937012E-05,0,0,0.841565787792205810546875,0.54015445709228515625,0,-0.540154397487640380859375,0.841565787792205810546875,2.000006198883056640625,9.458522796630859375,-2.63436222076416015625">
        </Bone>
      </Part>
    </Brick>
    <Brick refID="81" designID="6019">
      <Part refID="81" designID="6019" materials="1">
        <Bone refID="82" transformation="1,-1.14387639769120141863822937012E-05,0,0,0.841565907001495361328125,0.540154516696929931640625,0,-0.54015445709228515625,0.841565907001495361328125,2.0000030994415283203125,9.1892223358154296875,-2.80721282958984375">
        </Bone>
      </Part>
    </Brick>
    <Brick refID="82" designID="6541">
      <Part refID="82" designID="6541" materials="1">
        <Bone refID="83" transformation="1,-1.14387630674173124134540557861E-05,0,0,0.841565907001495361328125,0.54015445709228515625,0,-0.540154397487640380859375,0.841565787792205810546875,1.999993801116943359375,8.3813190460205078125,-3.3257617950439453125">
        </Bone>
      </Part>
    </Brick>
    <Brick refID="83" designID="2780">
      <Part refID="83" designID="2780" materials="26">
        <Bone refID="84" transformation="0,-0.8415660858154296875,-0.540153980255126953125,1,-1.12135476229013875126838684082E-05,0,0,-0.540153980255126953125,0.8415660858154296875,1.99999678134918212890625,8.6533660888671875,-2.67584705352783203125">
        </Bone>
      </Part>
    </Brick>
    <Brick refID="84" designID="6541">
      <Part refID="84" designID="6541" materials="1">
        <Bone refID="85" transformation="0.4783014357089996337890625,0.73905885219573974609375,0.4743638336658477783203125,-0.878196179866790771484375,0.40252530574798583984375,0.258351743221282958984375,0,-0.54015409946441650390625,0.841566145420074462890625,4.285197734832763671875,7.870804309844970703125,-4.60402202606201171875">
        </Bone>
      </Part>
    </Brick>
    <Brick refID="85" designID="3024">
      <Part refID="85" designID="3024" materials="1">
        <Bone refID="86" transformation="0.47830140590667724609375,0.739058792591094970703125,0.474363803863525390625,-0.878196179866790771484375,0.40252530574798583984375,0.258351743221282958984375,0,-0.54015409946441650390625,0.841566145420074462890625,3.4421291351318359375,8.257228851318359375,-4.3560047149658203125">
        </Bone>
      </Part>
    </Brick>
    <Brick refID="86" designID="3665">
      <Part refID="86" designID="3665" materials="102">
        <Bone refID="87" transformation="0,0.54015409946441650390625,-0.841566145420074462890625,-0.878196179866790771484375,0.40252530574798583984375,0.258351743221282958984375,0.47830140590667724609375,0.739058792591094970703125,0.4743638336658477783203125,3.161106109619140625,8.38603687286376953125,-4.273333072662353515625">
        </Bone>
      </Part>
    </Brick>
    <Brick refID="87" designID="3700">
      <Part refID="87" designID="3700" materials="1">
        <Bone refID="88" transformation="-0.47830140590667724609375,-0.739058792591094970703125,-0.4743638336658477783203125,-0.878196179866790771484375,0.40252530574798583984375,0.258351743221282958984375,0,0.54015409946441650390625,-0.841566145420074462890625,2.700678348541259765625,9.36370944976806640625,-3.645824432373046875">
        </Bone>
      </Part>
    </Brick>
    <Brick refID="88" designID="6091">
      <Part refID="88" designID="6091" materials="1">
        <Bone refID="89" transformation="0.478301346302032470703125,0.739058792591094970703125,0.47436392307281494140625,-0.878196179866790771484375,0.4025254547595977783203125,0.258351802825927734375,0,-0.540154159069061279296875,0.8415660858154296875,1.85760748386383056640625,9.7501354217529296875,-3.3978061676025390625">
        </Bone>
      </Part>
    </Brick>
    <Brick refID="89" designID="3665">
      <Part refID="89" designID="3665" materials="102">
        <Bone refID="90" transformation="0,0.54015409946441650390625,-0.841566145420074462890625,-0.878196179866790771484375,0.4025254547595977783203125,0.258351802825927734375,0.478301346302032470703125,0.73905885219573974609375,0.474363863468170166015625,3.16110897064208984375,8.8181610107421875,-4.946582794189453125">
        </Bone>
      </Part>
    </Brick>
    <Brick refID="90" designID="3023">
      <Part refID="90" designID="3023" materials="1">
        <Bone refID="91" transformation="-0.478301346302032470703125,-0.73905885219573974609375,-0.474363863468170166015625,-0.878196179866790771484375,0.402525484561920166015625,0.258351802825927734375,0,0.540154039859771728515625,-0.8415660858154296875,2.7006809711456298828125,9.79583454132080078125,-4.31907749176025390625">
        </Bone>
      </Part>
    </Brick>
    <Brick refID="91" designID="6091">
      <Part refID="91" designID="6091" materials="1">
        <Bone refID="92" transformation="0.478301346302032470703125,0.739058792591094970703125,0.47436392307281494140625,-0.878196179866790771484375,0.4025254547595977783203125,0.258351802825927734375,0,-0.540154159069061279296875,0.8415660858154296875,1.47496592998504638671875,9.1588878631591796875,-3.7772979736328125">
        </Bone>
      </Part>
    </Brick>
    <Brick refID="92" designID="3069">
      <Part refID="92" designID="3069" materials="322,0" decoration="0">
        <Bone refID="93" transformation="0.478301346302032470703125,0.739058792591094970703125,0.47436392307281494140625,-0.878196179866790771484375,0.4025254547595977783203125,0.258351802825927734375,0,-0.540154159069061279296875,0.8415660858154296875,1.19383728504180908203125,9.28753185272216796875,-3.69472980499267578125">
        </Bone>
      </Part>
    </Brick>
    <Brick refID="93" designID="2780">
      <Part refID="93" designID="2780" materials="26">
        <Bone refID="94" transformation="0.878196299076080322265625,-0.40252530574798583984375,-0.258351743221282958984375,0.4783012568950653076171875,0.739058971405029296875,0.474363863468170166015625,0,-0.540154039859771728515625,0.84156620502471923828125,3.77584075927734375,7.8882083892822265625,-4.117554187774658203125">
        </Bone>
      </Part>
    </Brick>
    <Brick refID="94" designID="2555">
      <Part refID="94" designID="2555" materials="1">
        <Bone refID="95" transformation="0.1312880218029022216796875,-0.845045149326324462890625,0.518326699733734130859375,0.95663535594940185546875,0.24513651430606842041015625,0.15734589099884033203125,-0.2600251138210296630859375,0.475192546844482421875,0.84058296680450439453125,5.66998958587646484375,9.021762847900390625,-4.815890789031982421875">
        </Bone>
      </Part>
    </Brick>
    <Brick refID="95" designID="3040">
      <Part refID="95" designID="3040" materials="1,0" decoration="0">
        <Bone refID="96" transformation="0.29128897190093994140625,-0.8050720691680908203125,-0.51672780513763427734375,0.95663535594940185546875,0.24513651430606842041015625,0.15734589099884033203125,0,-0.540153563022613525390625,0.841565310955047607421875,4.751618862152099609375,8.78643131256103515625,-4.966943264007568359375">
        </Bone>
      </Part>
    </Brick>
    <Brick refID="96" designID="3023">
      <Part refID="96" designID="3023" materials="1">
        <Bone refID="97" transformation="0,0.540153563022613525390625,-0.841565310955047607421875,0.95663535594940185546875,0.24513651430606842041015625,0.15734589099884033203125,0.2912890911102294921875,-0.8050720691680908203125,-0.516727745532989501953125,4.445491313934326171875,8.27586269378662109375,-4.3440380096435546875">
        </Bone>
      </Part>
    </Brick>
    <Brick refID="97" designID="3024">
      <Part refID="97" designID="3024" materials="1">
        <Bone refID="98" transformation="0.29128921031951904296875,-0.805072128772735595703125,-0.516727864742279052734375,0.95663535594940185546875,0.24513651430606842041015625,0.15734589099884033203125,0,-0.540153563022613525390625,0.841565310955047607421875,4.13937282562255859375,8.6295452117919921875,-5.067642688751220703125">
        </Bone>
      </Part>
    </Brick>
    <Brick refID="98" designID="6541">
      <Part refID="98" designID="6541" materials="1">
        <Bone refID="99" transformation="0.29128921031951904296875,-0.805072128772735595703125,-0.516727864742279052734375,0.95663535594940185546875,0.24513651430606842041015625,0.15734589099884033203125,0,-0.540153563022613525390625,0.841565310955047607421875,3.2210013866424560546875,8.3942127227783203125,-5.2186946868896484375">
        </Bone>
      </Part>
    </Brick>
    <Brick refID="99" designID="3068">
      <Part refID="99" designID="3068" materials="1,0" decoration="0">
        <Bone refID="100" transformation="0.806721746921539306640625,0.585308730602264404296875,-0.08133156597614288330078125,-0.530648291110992431640625,0.6569678783416748046875,-0.53554248809814453125,-0.2600255906581878662109375,0.4751926362514495849609375,0.840582907199859619140625,6.71912097930908203125,9.861873626708984375,-4.50231170654296875">
        </Bone>
      </Part>
    </Brick>
    <Brick refID="100" designID="2540">
      <Part refID="100" designID="2540" materials="1">
        <Bone refID="101" transformation="-0.260025501251220703125,0.47519242763519287109375,0.840582907199859619140625,-0.530648291110992431640625,0.6569678783416748046875,-0.53554248809814453125,-0.806721508502960205078125,-0.58530843257904052734375,0.081331431865692138671875,7.096949100494384765625,9.27148914337158203125,-5.003405094146728515625">
        </Bone>
      </Part>
    </Brick>
    <Brick refID="101" designID="3623">
      <Part refID="101" designID="3623" materials="21">
        <Bone refID="102" transformation="0.2600256502628326416015625,-0.47519242763519287109375,-0.840582907199859619140625,-0.530648291110992431640625,0.6569678783416748046875,-0.53554248809814453125,0.80672180652618408203125,0.585308611392974853515625,-0.081331454217433929443359375,6.85071468353271484375,9.82156848907470703125,-3.4871006011962890625">
        </Bone>
      </Part>
    </Brick>
    <Brick refID="102" designID="50746">
      <Part refID="102" designID="50746" materials="1">
        <Bone refID="103" transformation="0.80672180652618408203125,0.58530867099761962890625,-0.0813312530517578125,-0.530648410320281982421875,0.656968057155609130859375,-0.535542666912078857421875,-0.2600256502628326416015625,0.475192546844482421875,0.8405830860137939453125,6.680905818939208984375,10.03179836273193359375,-3.6584718227386474609375">
        </Bone>
      </Part>
    </Brick>
    <Brick refID="103" designID="32123">
      <Part refID="103" designID="32123" materials="194">
        <Bone refID="104" transformation="-0.580840051174163818359375,-0.772390782833099365234375,0.2569787502288818359375,-0.771369755268096923828125,0.421417653560638427734375,-0.476861059665679931640625,0.2600274980068206787109375,-0.4752061367034912109375,-0.84057462215423583984375,6.09894657135009765625,9.3700847625732421875,-4.35665988922119140625">
        </Bone>
      </Part>
    </Brick>
    <Brick refID="104" designID="6091">
      <Part refID="104" designID="6091" materials="21">
        <Bone refID="105" transformation="-0.26002538204193115234375,0.47519266605377197265625,0.84058296680450439453125,-0.530648410320281982421875,0.65696799755096435546875,-0.535542666912078857421875,-0.80672168731689453125,-0.585308611392974853515625,0.081331551074981689453125,7.534304141998291015625,10.1198902130126953125,-4.39600372314453125">
        </Bone>
      </Part>
    </Brick>
    <Brick refID="105" designID="6091">
      <Part refID="105" designID="6091" materials="21">
        <Bone refID="106" transformation="-0.26002538204193115234375,0.47519266605377197265625,0.84058296680450439453125,-0.530648410320281982421875,0.65696799755096435546875,-0.535542666912078857421875,-0.80672168731689453125,-0.585308611392974853515625,0.081331551074981689453125,7.742327213287353515625,9.7397327423095703125,-5.068470001220703125">
        </Bone>
      </Part>
    </Brick>
    <Brick refID="106" designID="32123">
      <Part refID="106" designID="32123" materials="194">
