<?xml version="1.0" encoding="UTF-8" standalone="no" ?>
<LXFML versionMajor="5" versionMinor="0" name="AEGAKS-102-MYe Arkham">
  <Meta>
    <Application name="LEGO Digital Designer" versionMajor="4" versionMinor="0"/>
    <Brand name="LEGOUniverse"/>
    <BrickSet version="287"/>
  </Meta>
  <Cameras>
    <Camera refID="0" fieldOfView="80" distance="93.026069641113281" transformation="0.083421394228935242,0,-0.99651426076889038,0.37234902381896973,0.92756909132003784,0.031170528382062912,0.92433595657348633,-0.37365144491195679,0.077379114925861359,87.756256103515625,-37.857440948486328,4.5839166641235352"/>
  </Cameras>
  <Bricks cameraRef="0">
    <Brick refID="0" designID="3068">
      <Part refID="0" designID="3068" materials="24,0" decoration="0">
        <Bone refID="0" transformation="-0.095491573214530945,0.29389265179634094,-0.95105648040771484,0.95105654001235962,0.30901715159416199,0,0.29389280080795288,-0.90450847148895264,-0.30901679396629333,5.441706657409668,-4.8611116409301758,3.4367222785949707">
        </Bone>
      </Part>
    </Brick>
    <Brick refID="1" designID="3021">
      <Part refID="1" designID="3021" materials="24">
        <Bone refID="1" transformation="-0.29389277100563049,0.90450841188430786,0.30901679396629333,0.95105654001235962,0.3090171217918396,0,-0.095491565763950348,0.29389259219169617,-0.95105642080307007,5.2960896492004395,-5.4484891891479492,2.4286632537841797">
        </Bone>
      </Part>
    </Brick>
    <Brick refID="2" designID="3022">
      <Part refID="2" designID="3022" materials="24">
        <Bone refID="2" transformation="-0.29389277100563049,0.90450841188430786,0.30901679396629333,0.95105654001235962,0.3090171217918396,0,-0.095491543412208557,0.29389253258705139,-0.95105630159378052,5.226865291595459,-6.2709817886352539,2.1814498901367187">
        </Bone>
      </Part>
    </Brick>
    <Brick refID="3" designID="3023">
      <Part refID="3" designID="3023" materials="26">
        <Bone refID="3" transformation="-0.095491565763950348,0.29389256238937378,-0.95105630159378052,0.95105689764022827,0.30901721119880676,0,0.29389289021492004,-0.90450853109359741,-0.30901682376861572,4.7638063430786133,-5.8813762664794922,3.1895081996917725">
        </Bone>
      </Part>
    </Brick>
    <Brick refID="4" designID="47454">
      <Part refID="4" designID="47454" materials="27">
        <Bone refID="4" transformation="0.29389280080795288,-0.90450847148895264,-0.30901682376861572,0.95105654001235962,0.3090171217918396,0,0.095491528511047363,-0.293892502784729,0.95105636119842529,3.8507916927337646,-6.178032398223877,3.1895081996917725">
        </Bone>
      </Part>
    </Brick>
    <Brick refID="5" designID="41769">
      <Part refID="5" designID="41769" materials="24">
        <Bone refID="5" transformation="-0.29389283061027527,0.90450841188430786,0.30901670455932617,-0.095491565763950348,0.29389247298240662,-0.95105636119842529,-0.95105654001235962,-0.3090171217918396,0,4.7929673194885254,-6.2300095558166504,1.6488580703735352">
        </Bone>
      </Part>
    </Brick>
    <Brick refID="6" designID="2431">
      <Part refID="6" designID="2431" materials="24,0" decoration="0">
        <Bone refID="6" transformation="0.29389292001724243,-0.90450847148895264,-0.30901673436164856,-0.095491610467433929,0.29389259219169617,-0.95105642080307007,0.95105659961700439,0.30901733040809631,0,4.2921814918518066,-4.6887493133544922,1.8389468193054199">
        </Bone>
      </Part>
    </Brick>
    <Brick refID="7" designID="2436">
      <Part refID="7" designID="2436" materials="24">
        <Bone refID="7" transformation="-0.29389283061027527,0.90450841188430786,0.30901673436164856,0.95105654001235962,0.30901715159416199,0,-0.09549153596162796,0.29389247298240662,-0.95105648040771484,5.1576418876647949,-7.0934748649597168,1.9342368841171265">
        </Bone>
      </Part>
    </Brick>
    <Brick refID="8" designID="2436">
      <Part refID="8" designID="2436" materials="24">
        <Bone refID="8" transformation="0.29389280080795288,-0.90450847148895264,-0.30901682376861572,0.95105654001235962,0.3090171217918396,0,0.09549153596162796,-0.29389253258705139,0.95105630159378052,4.9989199638366699,-6.6049823760986328,2.9422948360443115">
        </Bone>
      </Part>
    </Brick>
    <Brick refID="9" designID="2431">
      <Part refID="9" designID="2431" materials="24,0" decoration="0">
        <Bone refID="9" transformation="0.29389277100563049,-0.90450835227966309,-0.30901679396629333,0.095491506159305573,-0.29389259219169617,0.95105630159378052,-0.95105665922164917,-0.30901718139648438,0,4.7411961555480957,-6.070676326751709,3.7221009731292725">
        </Bone>
      </Part>
    </Brick>
    <Brick refID="10" designID="3023">
      <Part refID="10" designID="3023" materials="24">
        <Bone refID="10" transformation="0.29389286041259766,-0.90450841188430786,-0.30901670455932617,-0.095491565763950348,0.29389247298240662,-0.95105636119842529,0.95105642080307007,0.30901718139648438,0,5.0280818939208984,-6.9536161422729492,1.4016447067260742">
        </Bone>
      </Part>
    </Brick>
    <Brick refID="11" designID="3021">
      <Part refID="11" designID="3021" materials="24">
        <Bone refID="11" transformation="-0.29389280080795288,0.90450841188430786,0.30901670455932617,0.95105654001235962,0.3090171217918396,0,-0.095491513609886169,0.29389244318008423,-0.95105636119842529,3.9402890205383301,-7.4890174865722656,1.9342365264892578">
        </Bone>
      </Part>
    </Brick>
    <Brick refID="12" designID="61678">
      <Part refID="12" designID="61678" materials="24">
        <Bone refID="12" transformation="0.29389277100563049,-0.90450841188430786,-0.30901670455932617,0.95105636119842529,0.30901709198951721,0,0.09549153596162796,-0.29389253258705139,0.95105648040771484,5.6004276275634766,-5.3496041297912598,2.4286632537841797">
        </Bone>
      </Part>
    </Brick>
    <Brick refID="13" designID="61678">
      <Part refID="13" designID="61678" materials="24">
        <Bone refID="13" transformation="0.29389274120330811,-0.90450841188430786,-0.30901679396629333,0.95105636119842529,0.30901709198951721,0,0.095491521060466766,-0.29389253258705139,0.95105636119842529,5.6768202781677246,-5.5847182273864746,3.1895081996917725">
        </Bone>
      </Part>
    </Brick>
    <Brick refID="14" designID="47455">
      <Part refID="14" designID="47455" materials="26">
        <Bone refID="14" transformation="0.30901718139648438,-0.95105648040771484,0,0.95105648040771484,0.30901715159416199,0,0,0,0.9999997615814209,4.0112514495849609,-4.79595947265625,4.780001163482666">
        </Bone>
      </Part>
    </Brick>
    <Brick refID="15" designID="85984">
      <Part refID="15" designID="85984" materials="24">
        <Bone refID="15" transformation="0.58778524398803711,0.80901706218719482,0,0.80901706218719482,-0.58778524398803711,0,0,0,-1,6.0120196342468262,-3.7774662971496582,5.2000002861022949">
        </Bone>
      </Part>
    </Brick>
    <Brick refID="16" designID="3023">
      <Part refID="16" designID="3023" materials="24">
        <Bone refID="16" transformation="0,0,1,0.80901700258255005,-0.58778518438339233,0,0.58778518438339233,0.80901700258255005,0,5.7531342506408691,-3.5893750190734863,5.2000007629394531">
        </Bone>
      </Part>
    </Brick>
    <Brick refID="17" designID="3020">
      <Part refID="17" designID="3020" materials="26">
        <Bone refID="17" transformation="-0.58778518438339233,-0.80901700258255005,0,0.80901700258255005,-0.58778518438339233,0,0,0,1,5.4942483901977539,-3.4012837409973145,6.0000004768371582">
        </Bone>
      </Part>
    </Brick>
    <Brick refID="18" designID="48169">
      <Part refID="18" designID="48169" materials="27">
        <Bone refID="18" transformation="-0.58778518438339233,-0.80901700258255005,0,0.80901700258255005,-0.58778518438339233,0,0,0,1,4.7175922393798828,-2.8370099067687988,6.0000009536743164">
        </Bone>
      </Part>
    </Brick>
    <Brick refID="19" designID="3298">
      <Part refID="19" designID="3298" materials="24">
        <Bone refID="19" transformation="0,0,-1,0.80901700258255005,-0.58778518438339233,0,-0.58778518438339233,-0.80901700258255005,0,5.2829060554504395,-4.2365889549255371,6.0000004768371582">
        </Bone>
      </Part>
    </Brick>
    <Brick refID="20" designID="3020">
      <Part refID="20" designID="3020" materials="26">
        <Bone refID="20" transformation="-0.58778518438339233,-0.80901700258255005,0,0.80901700258255005,-0.58778518438339233,0,0,0,1,4.4587068557739258,-2.648918628692627,6.0000004768371582">
        </Bone>
      </Part>
    </Brick>
    <Brick refID="21" designID="3660">
      <Part refID="21" designID="3660" materials="24">
        <Bone refID="21" transformation="0,0,1,0.80901700258255005,-0.58778518438339233,0,0.58778518438339233,0.80901700258255005,0,3.6820507049560547,-2.0846447944641113,5.2000007629394531">
        </Bone>
      </Part>
    </Brick>
    <Brick refID="22" designID="59489">
      <Part refID="22" designID="59489" materials="26">
        <Bone refID="22" transformation="0,0,-1,0.80901700258255005,-0.58778518438339233,0,-0.58778518438339233,-0.80901700258255005,0,4.9289350509643555,-2.0017051696777344,6.0000004768371582">
        </Bone>
      </Part>
    </Brick>
    <Brick refID="23" designID="3747">
      <Part refID="23" designID="3747" materials="24">
        <Bone refID="23" transformation="0,0,-1,0.80901700258255005,-0.58778518438339233,0,-0.58778518438339233,-0.80901700258255005,0,3.211822509765625,-2.7318587303161621,6.0000004768371582">
        </Bone>
      </Part>
    </Brick>
    <Brick refID="24" designID="48172">
      <Part refID="24" designID="48172" materials="26">
        <Bone refID="24" transformation="0,0,1,0.80901700258255005,-0.58778518438339233,0,0.58778518438339233,0.80901700258255005,0,3.7771358489990234,-4.1314373016357422,5.2000007629394531">
        </Bone>
      </Part>
    </Brick>
    <Brick refID="25" designID="47455">
      <Part refID="25" designID="47455" materials="26">
        <Bone refID="25" transformation="-0.30901718139648438,0.95105659961700439,0,0.95105654001235962,0.3090171217918396,0,0,0,-0.99999994039535522,4.0112519264221191,-4.7959589958190918,6.4200005531311035">
        </Bone>
      </Part>
    </Brick>
    <Brick refID="26" designID="61678">
      <Part refID="26" designID="61678" materials="24">
        <Bone refID="26" transformation="0.29389256238937378,-0.90450829267501831,0.30901768803596497,0.95105654001235962,0.3090171217918396,0,-0.095491930842399597,0.29389327764511108,0.95105624198913574,5.6004467010498047,-5.3496627807617188,8.771148681640625">
        </Bone>
      </Part>
    </Brick>
    <Brick refID="27" designID="47454">
      <Part refID="27" designID="47454" materials="27">
        <Bone refID="27" transformation="0.29389265179634094,-0.90450841188430786,0.30901765823364258,0.95105654001235962,0.30901715159416199,0,-0.095491930842399597,0.29389318823814392,0.95105630159378052,3.7744181156158447,-5.9429764747619629,8.771148681640625">
        </Bone>
      </Part>
    </Brick>
    <Brick refID="28" designID="3021">
      <Part refID="28" designID="3021" materials="24">
        <Bone refID="28" transformation="-0.29389259219169617,0.90450853109359741,-0.30901771783828735,0.95105654001235962,0.30901715159416199,0,0.095491930842399597,-0.29389327764511108,-0.95105642080307007,4.0167016983032227,-7.7241907119750977,8.5047321319580078">
        </Bone>
      </Part>
    </Brick>
    <Brick refID="29" designID="2436">
      <Part refID="29" designID="2436" materials="24">
        <Bone refID="29" transformation="-0.29389259219169617,0.90450853109359741,-0.30901771783828735,0.95105654001235962,0.30901715159416199,0,0.095491930842399597,-0.29389327764511108,-0.95105642080307007,5.2340540885925293,-7.328648567199707,8.5047321319580078">
        </Bone>
      </Part>
    </Brick>
    <Brick refID="30" designID="2431">
      <Part refID="30" designID="2431" materials="24,0" decoration="0">
        <Bone refID="30" transformation="0.29389265179634094,-0.90450853109359741,0.30901771783828735,0.095491886138916016,-0.29389330744743347,-0.95105654001235962,0.95105654001235962,0.30901724100112915,0,4.7412166595458984,-6.0707364082336426,7.4777121543884277">
        </Bone>
      </Part>
    </Brick>
    <Brick refID="31" designID="2431">
      <Part refID="31" designID="2431" materials="24,0" decoration="0">
        <Bone refID="31" transformation="0.29389238357543945,-0.90450847148895264,0.3090175986289978,-0.095491953194141388,0.2938932478427887,0.95105654001235962,-0.95105654001235962,-0.30901697278022766,0,4.2922015190124512,-4.6888084411621094,9.3608646392822266">
        </Bone>
      </Part>
    </Brick>
    <Brick refID="32" designID="41770">
      <Part refID="32" designID="41770" materials="24">
        <Bone refID="32" transformation="-0.29389244318008423,0.90450835227966309,-0.30901756882667542,-0.095491945743560791,0.29389321804046631,0.95105654001235962,0.95105665922164917,0.3090171217918396,0,4.7929868698120117,-6.230067253112793,9.5509538650512695">
        </Bone>
      </Part>
    </Brick>
    <Brick refID="33" designID="2436">
      <Part refID="33" designID="2436" materials="24">
        <Bone refID="33" transformation="0.29389262199401855,-0.90450853109359741,0.30901765823364258,0.95105665922164917,0.3090171217918396,0,-0.095491908490657806,0.29389321804046631,0.95105654001235962,4.9225468635559082,-6.3699259757995605,9.0183629989624023">
        </Bone>
      </Part>
    </Brick>
    <Brick refID="34" designID="3023">
      <Part refID="34" designID="3023" materials="24">
        <Bone refID="34" transformation="0.29389256238937378,-0.90450847148895264,0.3090175986289978,-0.095491960644721985,0.2938932478427887,0.95105654001235962,-0.95105665922164917,-0.30901715159416199,0,5.0281009674072266,-6.95367431640625,9.7981681823730469">
        </Bone>
      </Part>
    </Brick>
    <Brick refID="35" designID="3068">
      <Part refID="35" designID="3068" materials="24,0" decoration="0">
        <Bone refID="35" transformation="0.095491908490657806,-0.2938932478427887,-0.95105642080307007,0.95105648040771484,0.3090171217918396,0,0.29389253258705139,-0.90450829267501831,0.30901762843132019,5.3653321266174316,-4.6260557174682617,8.5239343643188477">
        </Bone>
      </Part>
    </Brick>
    <Brick refID="36" designID="3021">
      <Part refID="36" designID="3021" materials="24">
        <Bone refID="36" transformation="-0.293892502784729,0.90450829267501831,-0.30901756882667542,0.95105648040771484,0.3090171217918396,0,0.095491886138916016,-0.29389318823814392,-0.95105642080307007,5.3725013732910156,-5.6836624145507812,8.0103034973144531">
        </Bone>
      </Part>
    </Brick>
    <Brick refID="37" designID="3022">
      <Part refID="37" designID="3022" materials="24">
        <Bone refID="37" transformation="0.095491893589496613,-0.29389318823814392,-0.95105642080307007,0.95105648040771484,0.3090171217918396,0,0.293892502784729,-0.90450829267501831,0.30901756882667542,5.2268838882446289,-6.2710399627685547,9.0183629989624023">
        </Bone>
      </Part>
    </Brick>
    <Brick refID="38" designID="3023">
      <Part refID="38" designID="3023" materials="26">
        <Bone refID="38" transformation="0.095491901040077209,-0.29389318823814392,-0.95105642080307007,0.95105648040771484,0.3090171217918396,0,0.29389253258705139,-0.90450829267501831,0.30901756882667542,4.6874322891235352,-5.6463189125061035,8.771148681640625">
        </Bone>
      </Part>
    </Brick>
    <Brick refID="39" designID="61678">
      <Part refID="39" designID="61678" materials="24">
        <Bone refID="39" transformation="0.29389262199401855,-0.90450847148895264,0.3090178370475769,0.95105654001235962,0.30901715159416199,0,-0.095491968095302582,0.29389339685440063,0.95105630159378052,5.6768403053283691,-5.5847783088684082,8.0103034973144531">
        </Bone>
      </Part>
    </Brick>
    <Brick refID="40" designID="47455">
      <Part refID="40" designID="47455" materials="26">
        <Bone refID="40" transformation="0.95105654001235962,0.30901694297790527,0,0.095491506159305573,-0.29389265179634094,-0.95105642080307007,-0.29389253258705139,0.90450835227966309,-0.30901703238487244,4.9578909873962402,-7.7084102630615234,9.0149421691894531">
        </Bone>
      </Part>
    </Brick>
    <Brick refID="41" designID="3023">
      <Part refID="41" designID="3023" materials="24">
        <Bone refID="41" transformation="-0.095491521060466766,0.29389283061027527,0.95105648040771484,0.99532628059387207,0.014384090900421143,0.095491528511047363,0.014384204521775246,0.95573008060455322,-0.29389283061027527,5.7924847602844238,-12.708347320556641,10.223220825195312">
        </Bone>
      </Part>
    </Brick>
    <Brick refID="42" designID="3034">
      <Part refID="42" designID="3034" materials="24">
        <Bone refID="42" transformation="-0.014384206384420395,-0.95573019981384277,0.29389286041259766,0.99532639980316162,0.014384090900421143,0.09549153596162796,-0.095491528511047363,0.29389286041259766,0.95105659961700439,6.115147590637207,-7.1165413856506348,9.3688240051269531">
        </Bone>
      </Part>
    </Brick>
    <Brick refID="43" designID="44126">
      <Part refID="43" designID="44126" materials="24">
        <Bone refID="43" transformation="0.014384213835000992,0.955730140209198,-0.29389294981956482,0.99532639980316162,0.014384090900421143,0.09549153596162796,0.095491521060466766,-0.29389294981956482,-0.95105659961700439,6.4294939041137695,-12.699142456054688,10.284336090087891">
        </Bone>
      </Part>
    </Brick>
    <Brick refID="44" designID="41747">
      <Part refID="44" designID="41747" materials="24">
        <Bone refID="44" transformation="-0.014384210109710693,-0.95573008060455322,0.29389292001724243,-0.095491573214530945,0.29389292001724243,0.95105659961700439,-0.99532639980316162,-0.014384103938937187,-0.095491580665111542,5.6405267715454102,-8.4868831634521484,10.333447456359863">
        </Bone>
      </Part>
    </Brick>
    <Brick refID="45" designID="2436">
      <Part refID="45" designID="2436" materials="24">
        <Bone refID="45" transformation="-0.014384212903678417,-0.95573019981384277,0.29389292001724243,0.99532651901245117,0.014384090900421143,0.095491543412208557,-0.095491521060466766,0.29389292001724243,0.95105659961700439,5.7391057014465332,-10.944066047668457,10.513837814331055">
        </Bone>
      </Part>
    </Brick>
    <Brick refID="46" designID="57909">
      <Part refID="46" designID="57909" materials="27">
        <Bone refID="46" transformation="0.014384204521775246,0.95573019981384277,-0.29389286041259766,0.99532639980316162,0.014384090900421143,0.09549153596162796,0.095491528511047363,-0.29389286041259766,-0.95105659961700439,4.8369708061218262,-12.722156524658203,10.131548881530762">
        </Bone>
      </Part>
    </Brick>
    <Brick refID="47" designID="2436">
      <Part refID="47" designID="2436" materials="24">
        <Bone refID="47" transformation="0.014384204521775246,0.95573019981384277,-0.29389286041259766,0.99532639980316162,0.014384090900421143,0.09549153596162796,0.095491528511047363,-0.29389286041259766,-0.95105659961700439,5.8039922714233398,-11.943763732910156,9.9881067276000977">
        </Bone>
      </Part>
    </Brick>
    <Brick refID="48" designID="3023">
      <Part refID="48" designID="3023" materials="24">
        <Bone refID="48" transformation="-0.095491513609886169,0.29389277100563049,0.95105648040771484,0.99532639980316162,0.014384090900421143,0.09549153596162796,0.014384198002517223,0.95573008060455322,-0.29389277100563049,5.8270068168640137,-10.414594650268555,9.517878532409668">
        </Bone>
      </Part>
    </Brick>
    <Brick refID="49" designID="41748">
      <Part refID="49" designID="41748" materials="24">
        <Bone refID="49" transformation="-0.014384115114808083,-0.95573008060455322,0.29389283061027527,0.095491483807563782,-0.29389286041259766,-0.95105659961700439,0.99532628059387207,0.014384160749614239,0.095491461455821991,5.8238711357116699,-9.0511579513549805,8.5074186325073242">
        </Bone>
      </Part>
    </Brick>
    <Brick refID="50" designID="50950">
      <Part refID="50" designID="50950" materials="1">
        <Bone refID="50" transformation="-0.014384206384420395,-0.95573019981384277,0.29389286041259766,0.99532639980316162,0.014384090900421143,0.09549153596162796,-0.095491528511047363,0.29389286041259766,0.95105659961700439,6.7636642456054687,-6.3427515029907227,9.19482421875">
        </Bone>
      </Part>
    </Brick>
    <Brick refID="51" designID="50950">
      <Part refID="51" designID="50950" materials="1">
        <Bone refID="51" transformation="-0.014384206384420395,-0.95573019981384277,0.29389286041259766,0.99532639980316162,0.014384090900421143,0.09549153596162796,-0.095491528511047363,0.29389286041259766,0.95105659961700439,6.840057373046875,-6.5778656005859375,8.4339790344238281">
        </Bone>
      </Part>
    </Brick>
    <Brick refID="52" designID="48171">
      <Part refID="52" designID="48171" materials="27">
        <Bone refID="52" transformation="-0.014384194277226925,-0.95573008060455322,0.29389274120330811,0.99532639980316162,0.014384090900421143,0.09549153596162796,-0.095491521060466766,0.29389274120330811,0.95105648040771484,4.7950997352600098,-10.193289756774902,10.187051773071289">
        </Bone>
      </Part>
    </Brick>
    <Brick refID="53" designID="3020">
      <Part refID="53" designID="3020" materials="24">
        <Bone refID="53" transformation="-0.014384194277226925,-0.95573008060455322,0.29389274120330811,0.99532639980316162,0.014384090900421143,0.09549153596162796,-0.095491521060466766,0.29389274120330811,0.95105648040771484,4.4765958786010742,-10.197892189025879,10.156495094299316">
        </Bone>
      </Part>
    </Brick>
    <Brick refID="54" designID="6134">
      <Part refID="54" designID="6134" materials="26">
        <Bone refID="54" transformation="0.095491521060466766,-0.29389274120330811,-0.95105648040771484,0.99532639980316162,0.014384090900421143,0.09549153596162796,-0.0143841952085495,-0.95573008060455322,0.29389274120330811,3.5210824012756348,-10.211701393127441,10.064823150634766">
        </Bone>
      </Part>
    </Brick>
    <Brick refID="55" designID="3937">
      <Part refID="55" designID="3937" materials="26">
        <Bone refID="55" transformation="0.095491521060466766,-0.29389274120330811,-0.95105648040771484,0.95105654001235962,0.30901694297790527,0,0.29389256238937378,-0.90450841188430786,0.30901709198951721,3.5458741188049316,-10.37669563293457,10.118298530578613">
        </Bone>
      </Part>
    </Brick>
    <Brick refID="56" designID="3022">
      <Part refID="56" designID="3022" materials="26">
        <Bone refID="56" transformation="0.29389259219169617,-0.90450853109359741,0.30901715159416199,0.95105665922164917,0.30901697278022766,0,-0.095491550862789154,0.29389280080795288,0.95105659961700439,3.2415359020233154,-10.475581169128418,10.118298530578613">
        </Bone>
      </Part>
    </Brick>
    <Brick refID="57" designID="85984">
      <Part refID="57" designID="85984" materials="26">
        <Bone refID="57" transformation="0.29389259219169617,-0.90450853109359741,0.30901715159416199,0.95105665922164917,0.30901697278022766,0,-0.095491550862789154,0.29389280080795288,0.95105659961700439,3.7809875011444092,-11.100302696228027,10.365511894226074">
        </Bone>
      </Part>
    </Brick>
    <Brick refID="58" designID="30367">
      <Part refID="58" designID="30367" materials="26,26,26,0,0,0" decoration="0,0,0,0,0">
        <Bone refID="58" transformation="0.29389256238937378,-0.90450841188430786,0.30901715159416199,0.95105654001235962,0.30901694297790527,0,-0.095491528511047363,0.29389277100563049,0.95105648040771484,2.3285222053527832,-10.772236824035645,10.118298530578613">
        </Bone>
      </Part>
    </Brick>
    <Brick refID="59" designID="2412">
      <Part refID="59" designID="2412" materials="24">
        <Bone refID="59" transformation="0,0,1,1,0,0,0,1,0,8.5988969802856445,-15.74342155456543,10.51811695098877">
        </Bone>
      </Part>
    </Brick>
    <Brick refID="60" designID="30499">
      <Part refID="60" designID="30499" materials="26">
        <Bone refID="60" transformation="0,0,1,1,0,0,0,1,0,5.7188968658447266,-15.74342155456543,10.51811695098877">
        </Bone>
      </Part>
    </Brick>
    <Brick refID="61" designID="92013">
      <Part refID="61" designID="92013" materials="27">
        <Bone refID="61" transformation="0,-1,0,1,0,0,0,0,1,4.7588968276977539,-14.94342041015625,11.318117141723633">
        </Bone>
      </Part>
    </Brick>
    <Brick refID="62" designID="60470">
      <Part refID="62" designID="60470" materials="26">
        <Bone refID="62" transformation="0,-1,0,1,0,0,0,0,1,4.4388971328735352,-14.94342041015625,11.318117141723633">
        </Bone>
      </Part>
    </Brick>
    <Brick refID="63" designID="60470">
      <Part refID="63" designID="60470" materials="26">
        <Bone refID="63" transformation="0,1,0,1,0,0,0,0,-1,4.4388971328735352,-15.74342155456543,10.51811695098877">
        </Bone>
      </Part>
    </Brick>
    <Brick refID="64" designID="3003">
      <Part refID="64" designID="3003" materials="26,0,0" decoration="0,0">
        <Bone refID="64" transformation="0,0,-1,1,0,0,0,-1,0,3.4788970947265625,-15.743420600891113,11.318117141723633">
        </Bone>
      </Part>
    </Brick>
    <Brick refID="65" designID="3022">
      <Part refID="65" designID="3022" materials="24">
        <Bone refID="65" transformation="0,0,1,1,0,0,0,1,0,3.1588969230651855,-14.943421363830566,10.51811695098877">
        </Bone>
      </Part>
    </Brick>
    <Brick refID="66" designID="50746">
      <Part refID="66" designID="50746" materials="24">
        <Bone refID="66" transformation="1,0,0,0,0,-1,0,1,0,5.4868960380554199,-14.958420753479004,9.6461162567138672">
        </Bone>
      </Part>
    </Brick>
    <Brick refID="67" designID="48336">
      <Part refID="67" designID="48336" materials="26">
        <Bone refID="67" transformation="0,1,0,0,0,-1,-1,0,0,5.4868969917297363,-15.758420944213867,9.9661159515380859">
        </Bone>
      </Part>
    </Brick>
    <Brick refID="68" designID="50950">
      <Part refID="68" designID="50950" materials="1">
        <Bone refID="68" transformation="1,0,0,0,0,-1,0,1,0,5.4868960380554199,-15.758420944213867,9.6461162567138672">
        </Bone>
      </Part>
    </Brick>
    <Brick refID="69" designID="6019">
      <Part refID="69" designID="6019" materials="26">
        <Bone refID="69" transformation="0,-1,0,0,0,-1,1,0,0,3.8868966102600098,-15.373421669006348,9.9661159515380859">
        </Bone>
      </Part>
    </Brick>
    <Brick refID="70" designID="50746">
      <Part refID="70" designID="50746" materials="24">
        <Bone refID="70" transformation="0,1,0,0,0,-1,-1,0,0,3.8868966102600098,-15.373422622680664,9.6461162567138672">
        </Bone>
      </Part>
    </Brick>
    <Brick refID="71" designID="50746">
      <Part refID="71" designID="50746" materials="24">
        <Bone refID="71" transformation="-1,0,0,0,0,1,0,1,0,5.4868969917297363,-14.95842170715332,12.190116882324219">
        </Bone>
      </Part>
    </Brick>
    <Brick refID="72" designID="48336">
      <Part refID="72" designID="48336" materials="26">
        <Bone refID="72" transformation="0,-1,0,0,0,1,-1,0,0,5.4868965148925781,-14.958420753479004,11.8701171875">
        </Bone>
      </Part>
    </Brick>
    <Brick refID="73" designID="6019">
      <Part refID="73" designID="6019" materials="26">
        <Bone refID="73" transformation="0,1,0,0,0,1,1,0,0,3.8868966102600098,-15.263420104980469,11.8701171875">
        </Bone>
      </Part>
    </Brick>
    <Brick refID="74" designID="50746">
      <Part refID="74" designID="50746" materials="24">
        <Bone refID="74" transformation="0,-1,0,0,0,1,-1,0,0,3.8868966102600098,-15.263419151306152,12.190116882324219">
        </Bone>
      </Part>
    </Brick>
    <Brick refID="75" designID="50950">
      <Part refID="75" designID="50950" materials="1">
        <Bone refID="75" transformation="1,0,0,0,0,1,0,-1,0,5.4868960380554199,-15.758420944213867,12.190116882324219">
        </Bone>
      </Part>
    </Brick>
    <Brick refID="76" designID="47455">
      <Part refID="76" designID="47455" materials="26">
        <Bone refID="76" transformation="0.80901706218719482,-0.58778524398803711,0,0,0,1,-0.58778524398803711,-0.80901700258255005,0,5.4219365119934082,-2.8543186187744141,5.6000008583068848">
        </Bone>
      </Part>
    </Brick>
    <Brick refID="77" designID="48171">
      <Part refID="77" designID="48171" materials="27">
        <Bone refID="77" transformation="-0.58778530359268188,0.80901700258255005,0,0.80901700258255005,0.58778530359268188,0,0,0,-1,5.1875996589660645,-0.93014711141586304,5.1999998092651367">
        </Bone>
      </Part>
    </Brick>
    <Brick refID="78" designID="3795">
      <Part refID="78" designID="3795" materials="24">
        <Bone refID="78" transformation="0.58778518438339233,-0.8090168833732605,0,0.8090168833732605,0.58778518438339233,0,0,0,1,2.577573299407959,2.1178295612335205,6.000002384185791">
        </Bone>
      </Part>
    </Brick>
    <Brick refID="79" designID="3660">
      <Part refID="79" designID="3660" materials="24">
        <Bone refID="79" transformation="0,0,-1,0.80901676416397095,0.58778512477874756,0,0.58778512477874756,-0.80901682376861572,0,2.7413740158081055,0.25912830233573914,6.0000033378601074">
        </Bone>
      </Part>
    </Brick>
    <Brick refID="80" designID="48172">
      <Part refID="80" designID="48172" materials="26">
        <Bone refID="80" transformation="0,0,1,0.80901670455932617,0.58778506517410278,0,-0.58778506517410278,0.80901670455932617,0,1.8009179830551147,1.5535554885864258,5.2000021934509277">
        </Bone>
      </Part>
    </Brick>
    <Brick refID="81" designID="43723">
      <Part refID="81" designID="43723" materials="24">
        <Bone refID="81" transformation="-0.58778494596481323,0.8090166449546814,0,0.8090166449546814,0.58778494596481323,0,0,0,-1,2.4824891090393066,0.071037657558917999,5.2000031471252441">
        </Bone>
      </Part>
    </Brick>
    <Brick refID="82" designID="3022">
      <Part refID="82" designID="3022" materials="26">
        <Bone refID="82" transformation="0.58778482675552368,-0.80901658535003662,0,0.80901658535003662,0.58778482675552368,0,0,0,1,1.283147931098938,1.1773731708526611,6.0000033378601074">
        </Bone>
      </Part>
    </Brick>
    <Brick refID="83" designID="43722">
      <Part refID="83" designID="43722" materials="24">
        <Bone refID="83" transformation="-0.58778470754623413,0.80901652574539185,0,0.80901652574539185,0.58778470754623413,0,0,0,-1,2.4824893474578857,0.071038126945495605,6.0000033378601074">
        </Bone>
      </Part>
    </Brick>
    <Brick refID="84" designID="6233">
      <Part refID="84" designID="6233" materials="26">
        <Bone refID="84" transformation="0.58778470754623413,-0.80901652574539185,0,0.80901652574539185,0.58778470754623413,0,0,0,1,-0.27016350626945496,0.04882657527923584,6.0000033378601074">
        </Bone>
      </Part>
    </Brick>
    <Brick refID="85" designID="48169">
      <Part refID="85" designID="48169" materials="1">
        <Bone refID="85" transformation="0,0,1,0.80901682376861572,0.58778512477874756,0,-0.58778512477874756,0.80901682376861572,0,3.306687593460083,1.6587067842483521,4.4000024795532227">
        </Bone>
      </Part>
    </Brick>
    <Brick refID="86" designID="48169">
      <Part refID="86" designID="48169" materials="1">
        <Bone refID="86" transformation="0,0,-1,0.80901682376861572,0.58778512477874756,0,0.58778512477874756,-0.80901682376861572,0,3.7769150733947754,1.0114936828613281,6.8000020980834961">
        </Bone>
      </Part>
    </Brick>
    <Brick refID="87" designID="3795">
      <Part refID="87" designID="3795" materials="24">
        <Bone refID="87" transformation="0.58778506517410278,-0.8090168833732605,0,0.8090168833732605,0.58778506517410278,0,0,0,1,3.6131150722503662,2.8701937198638916,6.0000014305114746">
        </Bone>
      </Part>
    </Brick>
    <Brick refID="88" designID="4070">
      <Part refID="88" designID="4070" materials="24">
        <Bone refID="88" transformation="0.58778512477874756,-0.80901682376861572,0,0.80901676416397095,0.58778512477874756,0,0,0,1,4.2471432685852051,0.36428052186965942,6.0000028610229492">
        </Bone>
      </Part>
    </Brick>
    <Brick refID="89" designID="50746">
      <Part refID="89" designID="50746" materials="24">
        <Bone refID="89" transformation="0.80901676416397095,0.58778512477874756,0,0,0,1,0.58778512477874756,-0.80901682376861572,0,4.7001924514770508,0.69344049692153931,6.2518658638000488">
        </Bone>
      </Part>
    </Brick>
    <Brick refID="90" designID="4070">
      <Part refID="90" designID="4070" materials="24">
        <Bone refID="90" transformation="-0.58778506517410278,0.80901694297790527,0,0.8090168833732605,0.58778512477874756,0,0,0,-1,4.2471418380737305,0.36428067088127136,5.2000021934509277">
        </Bone>
      </Part>
    </Brick>
    <Brick refID="91" designID="50746">
      <Part refID="91" designID="50746" materials="24">
        <Bone refID="91" transformation="-0.8090168833732605,-0.58778512477874756,0,0,0,-1,0.58778512477874756,-0.8090168833732605,0,4.7001914978027344,0.69344025850296021,4.9481410980224609">
        </Bone>
      </Part>
    </Brick>
    <Brick refID="92" designID="85984">
      <Part refID="92" designID="85984" materials="24">
        <Bone refID="92" transformation="0,0,1,0.80901682376861572,0.58778506517410278,0,-0.58778506517410278,0.80901670455932617,0,4.0833430290222168,2.2229807376861572,6.8000016212463379">
        </Bone>
      </Part>
    </Brick>
    <Brick refID="93" designID="3832">
      <Part refID="93" designID="3832" materials="26">
        <Bone refID="93" transformation="0.58778494596481323,-0.80901676416397095,0,0.80901676416397095,0.58778494596481323,0,0,0,1,3.8720006942749023,3.0582842826843262,6.0000014305114746">
        </Bone>
      </Part>
    </Brick>
    <Brick refID="94" designID="3660">
      <Part refID="94" designID="3660" materials="24">
        <Bone refID="94" transformation="0,0,-1,0.80901646614074707,0.58778488636016846,0,0.58778500556945801,-0.80901652574539185,0,6.8571686744689941,-2.6836948394775391,6.000004768371582">
        </Bone>
      </Part>
    </Brick>
    <Brick refID="95" designID="85984">
      <Part refID="95" designID="85984" materials="24">
        <Bone refID="95" transformation="0,0,-1,0.80901676416397095,0.58778494596481323,0,0.58778494596481323,-0.80901658535003662,0,4.5535717010498047,1.5757663249969482,4.4000034332275391">
        </Bone>
      </Part>
    </Brick>
    <Brick refID="96" designID="30414">
      <Part refID="96" designID="30414" materials="1">
        <Bone refID="96" transformation="-0.58778482675552368,0.80901658535003662,0,0.80901640653610229,0.58778476715087891,0,0,0,-1,5.5415711402893066,1.3047343492507935,5.2000012397766113">
        </Bone>
      </Part>
    </Brick>
    <Brick refID="97" designID="6564">
      <Part refID="97" designID="6564" materials="1">
        <Bone refID="97" transformation="0.58778500556945801,-0.80901676416397095,0,0.80901640653610229,0.58778476715087891,0,0,0,1,4.9075441360473633,3.8106472492218018,5.2000026702880859">
        </Bone>
      </Part>
    </Brick>
    <Brick refID="98" designID="48933">
      <Part refID="98" designID="48933" materials="1">
        <Bone refID="98" transformation="-0.58778500556945801,0.80901676416397095,0,0.80901640653610229,0.58778476715087891,0,0,0,-1,7.0948829650878906,2.4332804679870605,4.4000039100646973">
        </Bone>
      </Part>
    </Brick>
    <Brick refID="99" designID="30414">
      <Part refID="99" designID="30414" materials="1">
        <Bone refID="99" transformation="0.58778488636016846,-0.80901670455932617,0,0.80901670455932617,0.58778482675552368,0,0,0,1,4.1308860778808594,3.2463750839233398,6.0000019073486328">
        </Bone>
      </Part>
    </Brick>
    <Brick refID="100" designID="6565">
      <Part refID="100" designID="6565" materials="1">
        <Bone refID="100" transformation="0.58778488636016846,-0.80901646614074707,0,0.80901616811752319,0.58778458833694458,0,0,0,1,4.9075441360473633,3.8106467723846436,6.0000019073486328">
        </Bone>
      </Part>
    </Brick>
    <Brick refID="101" designID="60470">
      <Part refID="101" designID="60470" materials="26">
        <Bone refID="101" transformation="0,0,1,0.80901640653610229,0.58778476715087891,0,-0.58778488636016846,0.80901658535003662,0,7.8715391159057617,2.9975543022155762,5.2000031471252441">
        </Bone>
      </Part>
    </Brick>
    <Brick refID="102" designID="4070">
      <Part refID="102" designID="4070" materials="24">
        <Bone refID="102" transformation="-0.58778482675552368,0.80901670455932617,0,0.80901628732681274,0.58778464794158936,0,0,0,-1,6.3182277679443359,1.8690071105957031,4.4000029563903809">
        </Bone>
      </Part>
    </Brick>
    <Brick refID="103" designID="50746">
      <Part refID="103" designID="50746" materials="24">
        <Bone refID="103" transformation="0.58778476715087891,-0.80901658535003662,0,0,0,-1,0.80901646614074707,0.58778482675552368,0,6.7712769508361816,2.198167085647583,4.1481404304504395">
        </Bone>
      </Part>
    </Brick>
    <Brick refID="104" designID="3040">
      <Part refID="104" designID="3040" materials="26,26" decoration="0">
        <Bone refID="104" transformation="0.80901628732681274,0.58778476715087891,0,0,0,-1,-0.58778470754623413,0.80901640653610229,0,5.0541644096374512,2.9283196926116943,4.8000011444091797">
        </Bone>
      </Part>
    </Brick>
    <Brick refID="105" designID="3005">
      <Part refID="105" designID="3005" materials="26,0" decoration="0">
        <Bone refID="105" transformation="0.58778470754623413,-0.80901640653610229,0,0,0,-1,0.80901628732681274,0.58778476715087891,0,5.5243930816650391,2.2811069488525391,4.8000016212463379">
        </Bone>
      </Part>
    </Brick>
    <Brick refID="106" designID="4070">
      <Part refID="106" designID="4070" materials="24">
        <Bone refID="106" transformation="0.58778482675552368,-0.80901658535003662,0,0.80901652574539185,0.58778470754623413,0,0,0,1,6.3182253837585449,1.8690086603164673,6.8000020980834961">
        </Bone>
      </Part>
    </Brick>
    <Brick refID="107" designID="50746">
      <Part refID="107" designID="50746" materials="24">
        <Bone refID="107" transformation="-0.58778470754623413,0.80901652574539185,0,0,0,1,0.80901652574539185,0.58778470754623413,0,6.771275520324707,2.1981678009033203,7.0518636703491211">
        </Bone>
      </Part>
    </Brick>
    <Brick refID="108" designID="3040">
      <Part refID="108" designID="3040" materials="26,26" decoration="0">
        <Bone refID="108" transformation="-0.80901652574539185,-0.58778470754623413,0,0,0,1,-0.58778470754623413,0.80901652574539185,0,5.054163932800293,2.928321361541748,6.4000024795532227">
