<?xml version="1.0" encoding="UTF-8" standalone="no" ?>
<LXFML versionMajor="5" versionMinor="0" name="Robot">
  <Meta>
    <Application name="LEGO Digital Designer" versionMajor="4" versionMinor="3"/>
    <Brand name="LDDExtended"/>
    <BrickSet version="1033"/>
  </Meta>
  <Cameras>
    <Camera refID="1" fieldOfView="80" distance="75.01445770263671875" transformation="0.492488563060760498046875,0,-0.87031900882720947265625,-0.14336295425891876220703125,0.986339569091796875,-0.081124983727931976318359375,0.8584301471710205078125,0.1647246181964874267578125,0.485760986804962158203125,68.62741851806640625,7.74500179290771484375,30.5512409210205078125"/>
  </Cameras>
  <Bricks cameraRef="1">
    <Brick refID="0" designID="3069">
      <Part refID="0" designID="3069" materials="135,0" decoration="0">
        <Bone refID="1" transformation="0,0,0.999999821186065673828125,0,0.999999821186065673828125,0,-0.99999988079071044921875,0,0,4.72000026702880859375,1.92098140716552734375,-2.00022602081298828125">
        </Bone>
      </Part>
    </Brick>
    <Brick refID="1" designID="87087">
      <Part refID="1" designID="87087" materials="135">
        <Bone refID="2" transformation="0.999999940395355224609375,0,0,0,0.999999821186065673828125,0,0,0,0.99999988079071044921875,4.72000026702880859375,0.96098148822784423828125,-1.2000026702880859375">
        </Bone>
      </Part>
    </Brick>
    <Brick refID="2" designID="3794">
      <Part refID="2" designID="3794" materials="283">
        <Bone refID="3" transformation="0,0,0.99999988079071044921875,1,0,0,0,0.999999940395355224609375,0,6.559998989105224609375,0.24098122119903564453125,-2.000000476837158203125">
        </Bone>
      </Part>
    </Brick>
    <Brick refID="3" designID="6141">
      <Part refID="3" designID="6141" materials="182">
        <Bone refID="4" transformation="0,-0.999999940395355224609375,0,1,0,0,0,0,0.99999988079071044921875,6.8799991607666015625,0.24098122119903564453125,-1.60000050067901611328125">
        </Bone>
      </Part>
    </Brick>
    <Brick refID="4" designID="87087">
      <Part refID="4" designID="87087" materials="283">
        <Bone refID="5" transformation="-1,0,0,0,0.999999940395355224609375,0,0,0,-1,5.99999904632568359375,-1.279018878936767578125,-2.00000095367431640625">
        </Bone>
      </Part>
    </Brick>
    <Brick refID="5" designID="4070">
      <Part refID="5" designID="4070" materials="135">
        <Bone refID="6" transformation="0,0,-1,0,0.999999940395355224609375,0,1,0,0,5.999998569488525390625,-0.3190188705921173095703125,-2.00000095367431640625">
        </Bone>
      </Part>
    </Brick>
    <Brick refID="6" designID="2555">
      <Part refID="6" designID="2555" materials="135">
        <Bone refID="7" transformation="-1,0,0,0,0.999999940395355224609375,0,0,0,-1,5.999998569488525390625,0.6409809589385986328125,-2.00000095367431640625">
        </Bone>
      </Part>
    </Brick>
    <Brick refID="7" designID="3710">
      <Part refID="7" designID="3710" materials="283">
        <Bone refID="8" transformation="0,0,-0.99999988079071044921875,0.999999940395355224609375,0,0,0,-0.999999940395355224609375,0,5.279999256134033203125,0.240981578826904296875,-0.40000259876251220703125">
        </Bone>
      </Part>
    </Brick>
    <Brick refID="8" designID="4081">
      <Part refID="8" designID="4081" materials="135">
        <Bone refID="9" transformation="0,0,0.999999821186065673828125,0.999999940395355224609375,0,0,0,0.999999940395355224609375,0,5.59999942779541015625,0.24098122119903564453125,-0.4000026285648345947265625">
        </Bone>
      </Part>
    </Brick>
    <Brick refID="9" designID="3024">
      <Part refID="9" designID="3024" materials="283">
        <Bone refID="10" transformation="0,0,-0.9999997615814208984375,0.999999940395355224609375,0,0,0,-0.999999940395355224609375,0,5.919999599456787109375,0.24098122119903564453125,-0.40000247955322265625">
        </Bone>
      </Part>
    </Brick>
    <Brick refID="10" designID="2420">
      <Part refID="10" designID="2420" materials="283">
        <Bone refID="11" transformation="0,0,0.99999988079071044921875,1,0,0,0,0.999999940395355224609375,0,6.23999881744384765625,0.240981280803680419921875,-1.200000286102294921875">
        </Bone>
      </Part>
    </Brick>
    <Brick refID="11" designID="4070">
      <Part refID="11" designID="4070" materials="135">
        <Bone refID="12" transformation="0,0,-1,0,0.999999940395355224609375,0,1,0,0,5.99999904632568359375,-0.319018900394439697265625,-1.20000016689300537109375">
        </Bone>
      </Part>
    </Brick>
    <Brick refID="12" designID="2555">
      <Part refID="12" designID="2555" materials="135">
        <Bone refID="13" transformation="-1,0,0,0,0.999999940395355224609375,0,0,0,-1,5.99999904632568359375,0.6409809589385986328125,-1.2000000476837158203125">
        </Bone>
      </Part>
    </Brick>
    <Brick refID="13" designID="87087">
      <Part refID="13" designID="87087" materials="283">
        <Bone refID="14" transformation="1,0,0,0,0.999999940395355224609375,0,0,0,1,5.999999523162841796875,-1.279018878936767578125,-1.20000016689300537109375">
        </Bone>
      </Part>
    </Brick>
    <Brick refID="14" designID="3070">
      <Part refID="14" designID="3070" materials="283,0" decoration="0">
        <Bone refID="15" transformation="0.999999940395355224609375,0,0,0,0,1,0,-0.999999940395355224609375,0,5.999999523162841796875,-0.7190189361572265625,-0.80000007152557373046875">
        </Bone>
      </Part>
    </Brick>
    <Brick refID="15" designID="2412">
      <Part refID="15" designID="2412" materials="283">
        <Bone refID="16" transformation="0,-0.999999940395355224609375,0,1,0,0,0,0,0.99999988079071044921875,6.559998989105224609375,1.04098141193389892578125,-0.40000092983245849609375">
        </Bone>
      </Part>
    </Brick>
    <Brick refID="16" designID="99781">
      <Part refID="16" designID="99781" materials="135">
        <Bone refID="17" transformation="0,0,-0.99999988079071044921875,0,0.99999988079071044921875,0,0.999999940395355224609375,0,0,4.719999790191650390625,0.320981502532958984375,-1.200002193450927734375">
        </Bone>
      </Part>
    </Brick>
    <Brick refID="17" designID="3023">
      <Part refID="17" designID="3023" materials="135">
        <Bone refID="18" transformation="0,0,0.99999988079071044921875,0,0.99999988079071044921875,0,-0.999999940395355224609375,0,0,4.72000026702880859375,0.6409814357757568359375,-2.000002384185791015625">
        </Bone>
      </Part>
    </Brick>
    <Brick refID="18" designID="4081">
      <Part refID="18" designID="4081" materials="135">
        <Bone refID="19" transformation="0,0,0.999999940395355224609375,1,0,0,0,0.999999940395355224609375,0,5.59999942779541015625,0.2409813404083251953125,-2.800002574920654296875">
        </Bone>
      </Part>
    </Brick>
    <Brick refID="19" designID="3024">
      <Part refID="19" designID="3024" materials="283">
        <Bone refID="20" transformation="0,0,-0.999999940395355224609375,1,0,0,0,-0.999999940395355224609375,0,5.91999912261962890625,0.2409813404083251953125,-2.800002574920654296875">
        </Bone>
      </Part>
    </Brick>
    <Brick refID="20" designID="2420">
      <Part refID="20" designID="2420" materials="283">
        <Bone refID="21" transformation="0,-0.999999940395355224609375,0,1,0,0,0,0,0.999999940395355224609375,6.23999881744384765625,1.040981292724609375,-2.8000011444091796875">
        </Bone>
      </Part>
    </Brick>
    <Brick refID="21" designID="3070">
      <Part refID="21" designID="3070" materials="283,0" decoration="0">
        <Bone refID="22" transformation="-0.999999940395355224609375,0,0,0,0,-1,0,-0.999999940395355224609375,0,5.999999523162841796875,-0.719018876552581787109375,-2.400002002716064453125">
        </Bone>
      </Part>
    </Brick>
    <Brick refID="22" designID="3069">
      <Part refID="22" designID="3069" materials="283,0" decoration="0">
        <Bone refID="23" transformation="0,0,-1.00000011920928955078125,0,0.999999940395355224609375,0,1.00000011920928955078125,0,0,6.799999713897705078125,0.960980713367462158203125,-1.199778079986572265625">
        </Bone>
      </Part>
    </Brick>
    <Brick refID="23" designID="2377">
      <Part refID="23" designID="2377" materials="283">
        <Bone refID="24" transformation="0,0,-1.00000011920928955078125,0,0.999999940395355224609375,0,1.00000011920928955078125,0,0,6.799999713897705078125,-0.959019124507904052734375,-1.200000762939453125">
        </Bone>
      </Part>
    </Brick>
    <Brick refID="24" designID="6141">
      <Part refID="24" designID="6141" materials="135">
        <Bone refID="25" transformation="1.00000011920928955078125,0,0,0,0.999999940395355224609375,0,0,0,1.00000011920928955078125,6.799999713897705078125,-1.2790191173553466796875,-1.200000286102294921875">
        </Bone>
      </Part>
    </Brick>
    <Brick refID="25" designID="4032">
      <Part refID="25" designID="4032" materials="283">
        <Bone refID="26" transformation="1,0,0,0,0.999999940395355224609375,0,0,0,1,5.999999523162841796875,-1.5990188121795654296875,-1.200000286102294921875">
        </Bone>
      </Part>
    </Brick>
    <Brick refID="26" designID="6141">
      <Part refID="26" designID="6141" materials="135">
        <Bone refID="27" transformation="1,0,0,0,0.999999940395355224609375,0,0,0,1,6.799999713897705078125,-1.2790186405181884765625,-2.000000476837158203125">
        </Bone>
      </Part>
    </Brick>
    <Brick refID="27" designID="4070">
      <Part refID="27" designID="4070" materials="283">
        <Bone refID="28" transformation="1,0,0,0,0.999999940395355224609375,0,0,0,1,6,-2.8790187835693359375,-1.200000286102294921875">
        </Bone>
      </Part>
    </Brick>
    <Brick refID="28" designID="44728">
      <Part refID="28" designID="44728" materials="283">
        <Bone refID="29" transformation="0,0,-1,0,0.999999940395355224609375,0,1,0,0,5.999999523162841796875,-1.91901874542236328125,-1.200000286102294921875">
        </Bone>
      </Part>
    </Brick>
    <Brick refID="29" designID="4070">
      <Part refID="29" designID="4070" materials="283">
        <Bone refID="30" transformation="-1,0,0,0,0.999999940395355224609375,0,0,0,-1,5.999999523162841796875,-2.8790187835693359375,-2">
        </Bone>
      </Part>
    </Brick>
    <Brick refID="30" designID="3023">
      <Part refID="30" designID="3023" materials="283">
        <Bone refID="31" transformation="0,0,-0.99999988079071044921875,1,0,0,0,-0.999999940395355224609375,0,6.559999942779541015625,-1.99901866912841796875,-1.20300006866455078125">
        </Bone>
      </Part>
    </Brick>
    <Brick refID="31" designID="3794">
      <Part refID="31" designID="3794" materials="283">
        <Bone refID="32" transformation="0,0,0.99999988079071044921875,1,0,0,0,0.999999940395355224609375,0,6.879999637603759765625,-1.9990184307098388671875,-2.0030002593994140625">
        </Bone>
      </Part>
    </Brick>
    <Brick refID="32" designID="3070">
      <Part refID="32" designID="3070" materials="135,0" decoration="0">
        <Bone refID="33" transformation="0,0,-0.99999988079071044921875,1,0,0,0,-0.999999940395355224609375,0,7.200000286102294921875,-1.999018192291259765625,-1.603000640869140625">
        </Bone>
      </Part>
    </Brick>
    <Brick refID="33" designID="3023">
      <Part refID="33" designID="3023" materials="283">
        <Bone refID="34" transformation="0,0,-1,0,0.999999940395355224609375,0,1,0,0,6,-3.1990182399749755859375,-1.200000286102294921875">
        </Bone>
      </Part>
    </Brick>
    <Brick refID="34" designID="3794">
      <Part refID="34" designID="3794" materials="283">
        <Bone refID="35" transformation="0,0,0.99999988079071044921875,1,0,0,0,0.999999940395355224609375,0,6.559999942779541015625,-2.7990190982818603515625,-2.002999782562255859375">
        </Bone>
      </Part>
    </Brick>
    <Brick refID="35" designID="50746">
      <Part refID="35" designID="50746" materials="135">
        <Bone refID="36" transformation="0,0,-0.99999988079071044921875,1,0,0,0,-0.999999940395355224609375,0,6.879999637603759765625,-2.7990190982818603515625,-1.603000164031982421875">
        </Bone>
      </Part>
    </Brick>
    <Brick refID="36" designID="48729">
      <Part refID="36" designID="48729" materials="199">
        <Bone refID="37" transformation="0,-0.99999988079071044921875,0,0,0,-0.999999940395355224609375,0.999999940395355224609375,0,0,6,-2.319018840789794921875,-1.6979999542236328125">
        </Bone>
      </Part>
    </Brick>
    <Brick refID="37" designID="4599">
      <Part refID="37" designID="4599" materials="194">
        <Bone refID="38" transformation="0,-0.115500517189502716064453125,0.993308544158935546875,-0.999999701976776123046875,0,0,0,-0.9933083057403564453125,-0.11550052464008331298828125,6.480000019073486328125,-2.319018840789794921875,-2.8979995250701904296875">
        </Bone>
      </Part>
    </Brick>
    <Brick refID="38" designID="87087">
      <Part refID="38" designID="87087" materials="283">
        <Bone refID="39" transformation="0,0.1154917776584625244140625,-0.993308365345001220703125,-0.999999821186065673828125,0,0,0,0.9933083057403564453125,0.115491770207881927490234375,6.24001026153564453125,-3.453377246856689453125,-3.029895782470703125">
        </Bone>
      </Part>
    </Brick>
    <Brick refID="39" designID="2540">
      <Part refID="39" designID="2540" materials="283">
        <Bone refID="40" transformation="0,-0.9933083057403564453125,-0.115491785109043121337890625,-0.999999821186065673828125,0,0,0,0.11549179255962371826171875,-0.993308365345001220703125,6.56000995635986328125,-3.45337677001953125,-3.02989673614501953125">
        </Bone>
      </Part>
    </Brick>
    <Brick refID="40" designID="4070">
      <Part refID="40" designID="4070" materials="135">
        <Bone refID="41" transformation="0,-0.1154918670654296875,0.993308365345001220703125,-0.999999821186065673828125,0,0,0,-0.9933083057403564453125,-0.115491859614849090576171875,6.240009784698486328125,-4.2480220794677734375,-3.122293949127197265625">
        </Bone>
      </Part>
    </Brick>
    <Brick refID="41" designID="61409">
      <Part refID="41" designID="61409" materials="135">
        <Bone refID="42" transformation="0,-0.1154918670654296875,0.993308365345001220703125,-0.999999821186065673828125,0,0,0,-0.9933083057403564453125,-0.115491859614849090576171875,5.280008792877197265625,-3.4533765316009521484375,-3.0299003124237060546875">
        </Bone>
      </Part>
    </Brick>
    <Brick refID="42" designID="3794">
      <Part refID="42" designID="3794" materials="283">
        <Bone refID="43" transformation="0,0.9933083057403564453125,0.115491874516010284423828125,-0.9999997615814208984375,0,0,0,-0.115491874516010284423828125,0.9933083057403564453125,6.880010128021240234375,-3.850699901580810546875,-3.07609462738037109375">
        </Bone>
      </Part>
    </Brick>
    <Brick refID="43" designID="4697">
      <Part refID="43" designID="4697" materials="194">
        <Bone refID="44" transformation="0,0.1154918670654296875,-0.993308365345001220703125,0.999999701976776123046875,0,0,0,-0.9933083057403564453125,-0.115491859614849090576171875,5.68001079559326171875,-5.058722019195556640625,-3.2165508270263671875">
        </Bone>
      </Part>
    </Brick>
    <Brick refID="44" designID="3070">
      <Part refID="44" designID="3070" materials="135,0" decoration="0">
        <Bone refID="45" transformation="0,0.115491427481174468994140625,-0.993307650089263916015625,0.99999964237213134765625,0,0,0,-0.993307888507843017578125,-0.115491457283496856689453125,6.5600109100341796875,-6.33166217803955078125,-3.28216457366943359375">
        </Bone>
      </Part>
    </Brick>
    <Brick refID="45" designID="3794">
      <Part refID="45" designID="3794" materials="283">
        <Bone refID="46" transformation="0,0.115491427481174468994140625,-0.993307650089263916015625,0.99999964237213134765625,0,0,0,-0.993307888507843017578125,-0.115491457283496856689453125,6.2400112152099609375,-6.377858638763427734375,-2.884841442108154296875">
        </Bone>
      </Part>
    </Brick>
    <Brick refID="46" designID="3023">
      <Part refID="46" designID="3023" materials="283">
        <Bone refID="47" transformation="0,0.115491427481174468994140625,-0.993307650089263916015625,0.99999964237213134765625,0,0,0,-0.993308007717132568359375,-0.115491472184658050537109375,5.92001056671142578125,-6.377858638763427734375,-2.884841442108154296875">
        </Bone>
      </Part>
    </Brick>
    <Brick refID="47" designID="3023">
      <Part refID="47" designID="3023" materials="283">
        <Bone refID="48" transformation="0,0.115491516888141632080078125,-0.993307650089263916015625,0,-0.993307888507843017578125,-0.115491546690464019775390625,-0.99999964237213134765625,0,0,5.680011272430419921875,-5.50374698638916015625,-2.78320980072021484375">
        </Bone>
      </Part>
    </Brick>
    <Brick refID="48" designID="4070">
      <Part refID="48" designID="4070" materials="135">
        <Bone refID="49" transformation="0,-0.115491516888141632080078125,0.993307650089263916015625,0,-0.993307888507843017578125,-0.115491546690464019775390625,0.99999964237213134765625,0,0,5.680011749267578125,-5.7292118072509765625,-3.6148121356964111328125">
        </Bone>
      </Part>
    </Brick>
    <Brick refID="49" designID="4070">
      <Part refID="49" designID="4070" materials="135">
        <Bone refID="50" transformation="0,-0.115491516888141632080078125,0.993307650089263916015625,0,-0.993307888507843017578125,-0.115491546690464019775390625,0.99999964237213134765625,0,0,5.680011272430419921875,-5.821605205535888671875,-2.820166110992431640625">
        </Bone>
      </Part>
    </Brick>
    <Brick refID="50" designID="60470">
      <Part refID="50" designID="60470" materials="135">
        <Bone refID="51" transformation="0,0.115491516888141632080078125,-0.993307650089263916015625,0,-0.993307769298553466796875,-0.115491531789302825927734375,-0.99999964237213134765625,0,0,6.48001003265380859375,-4.868030548095703125,-2.7092945575714111328125">
        </Bone>
      </Part>
    </Brick>
    <Brick refID="51" designID="60032">
      <Part refID="51" designID="60032" materials="283">
        <Bone refID="52" transformation="0,-0.115491516888141632080078125,0.993307650089263916015625,0,-0.993307769298553466796875,-0.115491531789302825927734375,0.99999964237213134765625,0,0,6.480010986328125,-5.0934963226318359375,-3.540894985198974609375">
        </Bone>
      </Part>
    </Brick>
    <Brick refID="52" designID="4032">
      <Part refID="52" designID="4032" materials="283">
        <Bone refID="53" transformation="0,0.115491516888141632080078125,-0.993307650089263916015625,0,-0.993307888507843017578125,-0.115491546690464019775390625,-0.99999964237213134765625,0,0,5.680010318756103515625,-7.093040943145751953125,-2.9679965972900390625">
        </Bone>
      </Part>
    </Brick>
    <Brick refID="53" designID="4032">
      <Part refID="53" designID="4032" materials="283">
        <Bone refID="54" transformation="0,0.115491516888141632080078125,-0.993307650089263916015625,0,-0.993307888507843017578125,-0.115491546690464019775390625,-0.99999964237213134765625,0,0,5.6800098419189453125,-7.410898685455322265625,-3.004952907562255859375">
        </Bone>
      </Part>
    </Brick>
    <Brick refID="54" designID="3023">
      <Part refID="54" designID="3023" materials="283">
        <Bone refID="55" transformation="0,0.115491516888141632080078125,-0.993307650089263916015625,0,-0.993307888507843017578125,-0.115491546690464019775390625,-0.99999964237213134765625,0,0,5.680009365081787109375,-6.775181293487548828125,-2.931039333343505859375">
        </Bone>
      </Part>
    </Brick>
    <Brick refID="55" designID="6141">
      <Part refID="55" designID="6141" materials="283">
        <Bone refID="56" transformation="0,0.115491412580013275146484375,-0.993307530879974365234375,0.99999964237213134765625,0,0,0,-0.993307888507843017578125,-0.115491457283496856689453125,4.96001148223876953125,-6.28546428680419921875,-3.6794872283935546875">
        </Bone>
      </Part>
    </Brick>
    <Brick refID="56" designID="6141">
      <Part refID="56" designID="6141" materials="283">
        <Bone refID="57" transformation="0,0.1154914200305938720703125,-0.993307590484619140625,0.99999964237213134765625,0,0,0,-0.993307888507843017578125,-0.115491457283496856689453125,4.96001148223876953125,-6.377857208251953125,-2.884841442108154296875">
        </Bone>
      </Part>
    </Brick>
    <Brick refID="57" designID="2555">
      <Part refID="57" designID="2555" materials="135">
        <Bone refID="58" transformation="0.99999964237213134765625,0,0,0,-0.993307888507843017578125,-0.115491546690464019775390625,0,0.115491516888141632080078125,-0.993307650089263916015625,5.680008411407470703125,-7.63636493682861328125,-3.836553096771240234375">
        </Bone>
      </Part>
    </Brick>
    <Brick refID="58" designID="2555">
      <Part refID="58" designID="2555" materials="135">
        <Bone refID="59" transformation="0.99999964237213134765625,0,0,0,-0.993307888507843017578125,-0.115491546690464019775390625,0,0.115491516888141632080078125,-0.993307650089263916015625,5.68000888824462890625,-7.7287578582763671875,-3.0419070720672607421875">
        </Bone>
      </Part>
    </Brick>
    <Brick refID="59" designID="4697">
      <Part refID="59" designID="4697" materials="194">
        <Bone refID="60" transformation="0,-0.115491874516010284423828125,0.99330842494964599609375,0,0.993308246135711669921875,0.11549185216426849365234375,-1,0,0,5.6800079345703125,-8.23730754852294921875,-3.58612346649169921875">
        </Bone>
      </Part>
    </Brick>
    <Brick refID="60" designID="3069">
      <Part refID="60" designID="3069" materials="283,0" decoration="0">
        <Bone refID="61" transformation="0,0.0151717327535152435302734375,-0.999885022640228271484375,0,0.999885022640228271484375,0.0151717327535152435302734375,1,0,0,5.43816852569580078125,-9.1312770843505859375,-3.1994178295135498046875">
        </Bone>
      </Part>
    </Brick>
    <Brick refID="61" designID="3021">
      <Part refID="61" designID="3021" materials="283">
        <Bone refID="62" transformation="-1,0,0,0,0.999885022640228271484375,0.0151717327535152435302734375,0,0.0151717327535152435302734375,-0.999885022640228271484375,7.03816699981689453125,-9.4391002655029296875,-4.004405498504638671875">
        </Bone>
      </Part>
    </Brick>
    <Brick refID="62" designID="3794">
      <Part refID="62" designID="3794" materials="283">
        <Bone refID="63" transformation="0,0.0151717327535152435302734375,-0.999885022640228271484375,0,0.999885022640228271484375,0.0151717327535152435302734375,1,0,0,6.23816776275634765625,-9.13127422332763671875,-3.1996419429779052734375">
        </Bone>
      </Part>
    </Brick>
    <Brick refID="63" designID="2555">
      <Part refID="63" designID="2555" materials="135">
        <Bone refID="64" transformation="0,-0.0151717253029346466064453125,0.999885022640228271484375,0,0.999885022640228271484375,0.0151717327535152435302734375,-1,0,0,6.2381687164306640625,-8.8052425384521484375,-3.59474086761474609375">
        </Bone>
      </Part>
    </Brick>
    <Brick refID="64" designID="6141">
      <Part refID="64" designID="6141" materials="135">
        <Bone refID="65" transformation="-0.31327593326568603515625,0.014408119022846221923828125,-0.949553310871124267578125,0,0.999885022640228271484375,0.015171729028224945068359375,0.949662387371063232421875,0.00475263409316539764404296875,-0.3132400214672088623046875,8.557628631591796875,-9.43149662017822265625,-4.50558948516845703125">
        </Bone>
      </Part>
    </Brick>
    <Brick refID="65" designID="6190">
      <Part refID="65" designID="6190" materials="135">
        <Bone refID="66" transformation="-0.949662387371063232421875,-0.0047526336275041103363037109375,0.313239991664886474609375,0,0.999885022640228271484375,0.015171729028224945068359375,-0.3132759034633636474609375,0.014408119022846221923828125,-0.949553310871124267578125,8.557628631591796875,-9.11153316497802734375,-4.50073528289794921875">
        </Bone>
      </Part>
    </Brick>
    <Brick refID="66" designID="6141">
      <Part refID="66" designID="6141" materials="135">
        <Bone refID="67" transformation="0.3207551538944244384765625,0.014370001852512359619140625,-0.94705402851104736328125,0,0.999885022640228271484375,0.015171729028224945068359375,0.947162330150604248046875,-0.004866711795330047607421875,0.3207182586193084716796875,8.5536289215087890625,-9.459026336669921875,-2.691349506378173828125">
        </Bone>
      </Part>
    </Brick>
    <Brick refID="67" designID="6190">
      <Part refID="67" designID="6190" materials="135">
        <Bone refID="68" transformation="-0.947162330150604248046875,0.0048667113296687602996826171875,-0.320718228816986083984375,0,0.999885022640228271484375,0.015171729028224945068359375,0.3207550942897796630859375,0.01436999253928661346435546875,-0.947053432464599609375,8.55362987518310546875,-9.1390628814697265625,-2.6864922046661376953125">
        </Bone>
      </Part>
    </Brick>
    <Brick refID="68" designID="4081">
      <Part refID="68" designID="4081" materials="283">
        <Bone refID="69" transformation="0,0.99330794811248779296875,0.11549182236194610595703125,0,-0.115491844713687896728515625,0.99330818653106689453125,0.99999964237213134765625,0,0,5.51201152801513671875,-2.91565227508544921875,-4.01807689666748046875">
        </Bone>
      </Part>
    </Brick>
    <Brick refID="69" designID="3069">
      <Part refID="69" designID="3069" materials="283,0" decoration="0">
        <Bone refID="70" transformation="0,-0.99330794811248779296875,-0.11549182236194610595703125,0,-0.115491844713687896728515625,0.99330818653106689453125,-0.99999964237213134765625,0,0,5.512012481689453125,-2.9523880481719970703125,-3.7001926898956298828125">
        </Bone>
      </Part>
    </Brick>
    <Brick refID="70" designID="6019">
      <Part refID="70" designID="6019" materials="135">
        <Bone refID="71" transformation="0,0.99330794811248779296875,0.11549182236194610595703125,0,-0.115491844713687896728515625,0.99330818653106689453125,0.99999964237213134765625,0,0,5.512012481689453125,-3.7102992534637451171875,-4.110470294952392578125">
        </Bone>
      </Part>
    </Brick>
    <Brick refID="71" designID="4697">
      <Part refID="71" designID="4697" materials="194">
        <Bone refID="72" transformation="0,0,0.999999940395355224609375,-0.999999821186065673828125,0,0,0,-1,0,5.99999904632568359375,1.208980560302734375,-1.518161296844482421875">
        </Bone>
      </Part>
    </Brick>
    <Brick refID="72" designID="3794">
      <Part refID="72" designID="3794" materials="283">
        <Bone refID="73" transformation="-0.999999940395355224609375,0,0,0,0,-0.999999940395355224609375,0,-0.999999523162841796875,0,6.799999237060546875,2.7441413402557373046875,-2.5581610202789306640625">
        </Bone>
      </Part>
    </Brick>
    <Brick refID="73" designID="3069">
      <Part refID="73" designID="3069" materials="283,0" decoration="0">
        <Bone refID="74" transformation="0,-0.999999463558197021484375,0,-0.999999940395355224609375,0,0,0,0,-0.999999940395355224609375,5.59999847412109375,2.7443640232086181640625,-1.838160991668701171875">
        </Bone>
      </Part>
    </Brick>
    <Brick refID="74" designID="47905">
      <Part refID="74" designID="47905" materials="283">
        <Bone refID="75" transformation="0.999999940395355224609375,0,0,0,0,-0.999999940395355224609375,0,0.999999582767486572265625,0,5.99999904632568359375,2.744141101837158203125,-1.278161525726318359375">
        </Bone>
      </Part>
    </Brick>
    <Brick refID="75" designID="3024">
      <Part refID="75" designID="3024" materials="283">
        <Bone refID="76" transformation="-0.999999940395355224609375,0,0,0,0,-0.999999940395355224609375,0,-0.999999582767486572265625,0,5.999998569488525390625,2.744141101837158203125,-0.95816147327423095703125">
        </Bone>
      </Part>
    </Brick>
    <Brick refID="76" designID="3023">
      <Part refID="76" designID="3023" materials="283">
        <Bone refID="77" transformation="0,-0.999999582767486572265625,0,0,0,-0.999999940395355224609375,0.999999940395355224609375,0,0,5.9999980926513671875,2.7441408634185791015625,-2.238161563873291015625">
        </Bone>
      </Part>
    </Brick>
    <Brick refID="77" designID="3023">
      <Part refID="77" designID="3023" materials="283">
        <Bone refID="78" transformation="0,-0.999999582767486572265625,0,0,0,-0.999999940395355224609375,0.999999940395355224609375,0,0,5.99999904632568359375,2.744141101837158203125,-0.63816154003143310546875">
        </Bone>
      </Part>
    </Brick>
    <Brick refID="78" designID="3024">
      <Part refID="78" designID="3024" materials="283">
        <Bone refID="79" transformation="-0.999999940395355224609375,0,0,0,0,-0.999999940395355224609375,0,-0.999999582767486572265625,0,5.999998569488525390625,1.9441411495208740234375,-1.91816127300262451171875">
        </Bone>
      </Part>
    </Brick>
    <Brick refID="79" designID="87087">
      <Part refID="79" designID="87087" materials="283">
        <Bone refID="80" transformation="-0.999999940395355224609375,0,0,0,0,-0.999999940395355224609375,0,-0.999999582767486572265625,0,5.99999904632568359375,1.9441411495208740234375,-0.958161413669586181640625">
        </Bone>
      </Part>
    </Brick>
    <Brick refID="80" designID="4032">
      <Part refID="80" designID="4032" materials="283">
        <Bone refID="81" transformation="0,-0.999999582767486572265625,0,0,0,-0.999999940395355224609375,0.999999940395355224609375,0,0,6.799999237060546875,2.7441408634185791015625,-0.3181617259979248046875">
        </Bone>
      </Part>
    </Brick>
    <Brick refID="81" designID="2654">
      <Part refID="81" designID="2654" materials="135">
        <Bone refID="82" transformation="0,-0.999999582767486572265625,0,0,0,-0.999999940395355224609375,0.999999940395355224609375,0,0,6.799999237060546875,2.7441413402557373046875,-0.3181617259979248046875">
        </Bone>
      </Part>
    </Brick>
    <Brick refID="82" designID="3794">
      <Part refID="82" designID="3794" materials="283">
        <Bone refID="83" transformation="0,-0.999999582767486572265625,0,1,0,0,0,0,1,6.399999141693115234375,2.7441408634185791015625,-1.83816111087799072265625">
        </Bone>
      </Part>
    </Brick>
    <Brick refID="83" designID="60032">
      <Part refID="83" designID="60032" materials="283">
        <Bone refID="84" transformation="0,-0.999999582767486572265625,0,0,0,-0.999999940395355224609375,0.999999940395355224609375,0,0,6.800001621246337890625,2.74414157867431640625,-0.6381614208221435546875">
        </Bone>
      </Part>
    </Brick>
    <Brick refID="84" designID="6141">
      <Part refID="84" designID="6141" materials="41">
        <Bone refID="85" transformation="0,-0.999999582767486572265625,0,1,0,0,0,0,1,6.7199993133544921875,2.3441412448883056640625,-1.8381607532501220703125">
        </Bone>
      </Part>
    </Brick>
    <Brick refID="85" designID="3069">
      <Part refID="85" designID="3069" materials="283,0" decoration="0">
        <Bone refID="86" transformation="-0.999999940395355224609375,0,0,0,0,-0.999999940395355224609375,0,-0.999999523162841796875,0,6.8002223968505859375,1.94414150714874267578125,-2.5581610202789306640625">
        </Bone>
      </Part>
    </Brick>
    <Brick refID="86" designID="6190">
      <Part refID="86" designID="6190" materials="135">
        <Bone refID="87" transformation="0,-0.999999523162841796875,0,0,0,-0.999999940395355224609375,0.999999940395355224609375,0,0,6.39999866485595703125,4.3441410064697265625,-2.8781607151031494140625">
        </Bone>
      </Part>
    </Brick>
    <Brick refID="87" designID="48729">
      <Part refID="87" designID="48729" materials="199">
        <Bone refID="88" transformation="0,-0.9999997615814208984375,0,0,0,0.999999940395355224609375,-0.999999940395355224609375,0,0,6,-2.319018840789794921875,-1.5820004940032958984375">
        </Bone>
      </Part>
    </Brick>
    <Brick refID="88" designID="4599">
      <Part refID="88" designID="4599" materials="194">
        <Bone refID="89" transformation="0,0.17483498156070709228515625,0.98459899425506591796875,-0.999999701976776123046875,0,0,0,-0.984598696231842041015625,0.1748350560665130615234375,6.480000019073486328125,-2.3190186023712158203125,-0.382000446319580078125">
        </Bone>
      </Part>
    </Brick>
    <Brick refID="89" designID="87087">
      <Part refID="89" designID="87087" materials="283">
        <Bone refID="90" transformation="0,-0.17482872307300567626953125,-0.9845988750457763671875,-0.999999821186065673828125,0,0,0,0.984598815441131591796875,-0.17482872307300567626953125,6.24001026153564453125,-3.2858941555023193359375,-0.210315704345703125">
        </Bone>
      </Part>
    </Brick>
    <Brick refID="90" designID="2540">
      <Part refID="90" designID="2540" materials="283">
        <Bone refID="91" transformation="0,0.984598815441131591796875,-0.1748286187648773193359375,-0.999999821186065673828125,0,0,0,0.1748286187648773193359375,0.9845988750457763671875,6.56000995635986328125,-4.073572635650634765625,-0.070453643798828125">
        </Bone>
      </Part>
    </Brick>
    <Brick refID="91" designID="4070">
      <Part refID="91" designID="4070" materials="135">
        <Bone refID="92" transformation="0,0.17482863366603851318359375,0.9845988750457763671875,-0.999999821186065673828125,0,0,0,-0.984598815441131591796875,0.17482863366603851318359375,6.240009784698486328125,-4.073572635650634765625,-0.07045646011829376220703125">
        </Bone>
      </Part>
    </Brick>
    <Brick refID="92" designID="61409">
      <Part refID="92" designID="61409" materials="135">
        <Bone refID="93" transformation="0,0.17482863366603851318359375,0.9845988750457763671875,-0.999999821186065673828125,0,0,0,-0.984598815441131591796875,0.17482863366603851318359375,5.28000926971435546875,-3.2858943939208984375,-0.21031905710697174072265625">
        </Bone>
      </Part>
    </Brick>
    <Brick refID="93" designID="4081">
      <Part refID="93" designID="4081" materials="283">
        <Bone refID="94" transformation="0,-0.984598577022552490234375,0.174828588962554931640625,0,-0.17482863366603851318359375,-0.984598815441131591796875,0.99999964237213134765625,0,0,5.512012481689453125,-2.719436168670654296875,0.7490940093994140625">
        </Bone>
      </Part>
    </Brick>
    <Brick refID="94" designID="3069">
      <Part refID="94" designID="3069" materials="283,0" decoration="0">
        <Bone refID="95" transformation="0,-0.984598577022552490234375,0.174828588962554931640625,0,-0.17482863366603851318359375,-0.984598815441131591796875,0.99999964237213134765625,0,0,5.51201343536376953125,-2.7751615047454833984375,0.4339836537837982177734375">
        </Bone>
      </Part>
    </Brick>
    <Brick refID="95" designID="6019">
      <Part refID="95" designID="6019" materials="135">
        <Bone refID="96" transformation="0,-0.984598577022552490234375,0.174828588962554931640625,0,-0.17482863366603851318359375,-0.984598815441131591796875,0.99999964237213134765625,0,0,5.512012004852294921875,-3.50711536407470703125,0.88895595073699951171875">
        </Bone>
      </Part>
    </Brick>
    <Brick refID="96" designID="4697">
      <Part refID="96" designID="4697" materials="194">
        <Bone refID="97" transformation="0,-0.17482863366603851318359375,-0.9845988750457763671875,0.999999701976776123046875,0,0,0,-0.984598815441131591796875,0.17482863366603851318359375,5.68001079559326171875,-4.877163410186767578125,0.07223415374755859375">
        </Bone>
      </Part>
    </Brick>
    <Brick refID="97" designID="3070">
      <Part refID="97" designID="3070" materials="135,0" decoration="0">
        <Bone refID="98" transformation="0,-0.17482884228229522705078125,-0.98459804058074951171875,0.99999964237213134765625,0,0,0,-0.98459827899932861328125,0.17482888698577880859375,6.5600109100341796875,-6.115265369415283203125,0.375194549560546875">
        </Bone>
      </Part>
    </Brick>
    <Brick refID="98" designID="3794">
      <Part refID="98" designID="3794" materials="283">
        <Bone refID="99" transformation="0,-0.17482884228229522705078125,-0.98459804058074951171875,0.99999964237213134765625,0,0,0,-0.98459827899932861328125,0.17482888698577880859375,6.2400112152099609375,-6.0453338623046875,0.769033730030059814453125">
        </Bone>
      </Part>
    </Brick>
    <Brick refID="99" designID="3023">
      <Part refID="99" designID="3023" materials="283">
        <Bone refID="100" transformation="0,-0.17482884228229522705078125,-0.98459804058074951171875,0.99999964237213134765625,0,0,0,-0.9845983982086181640625,0.17482890188694000244140625,5.92001056671142578125,-6.045333385467529296875,0.7690336704254150390625">
        </Bone>
      </Part>
    </Brick>
    <Brick refID="100" designID="3023">
      <Part refID="100" designID="3023" materials="283">
        <Bone refID="101" transformation="0,-0.17482875287532806396484375,-0.98459804058074951171875,0,-0.98459827899932861328125,0.1748287975788116455078125,-0.99999964237213134765625,0,0,5.680011272430419921875,-5.17888641357421875,0.61518323421478271484375">
        </Bone>
      </Part>
    </Brick>
    <Brick refID="101" designID="4070">
      <Part refID="101" designID="4070" materials="135">
        <Bone refID="102" transformation="0,0.17482875287532806396484375,0.98459804058074951171875,0,-0.98459827899932861328125,0.1748287975788116455078125,0.99999964237213134765625,0,0,5.680011272430419921875,-5.63382053375244140625,-0.11654889583587646484375">
        </Bone>
      </Part>
    </Brick>
    <Brick refID="102" designID="4070">
      <Part refID="102" designID="4070" materials="135">
        <Bone refID="103" transformation="0,0.17482875287532806396484375,0.98459804058074951171875,0,-0.98459827899932861328125,0.1748287975788116455078125,0.99999964237213134765625,0,0,5.680011272430419921875,-5.49395751953125,0.671129405498504638671875">
        </Bone>
      </Part>
    </Brick>
    <Brick refID="103" designID="60470">
      <Part refID="103" designID="60470" materials="135">
        <Bone refID="104" transformation="0,-0.17482875287532806396484375,-0.98459804058074951171875,0,-0.9845981597900390625,0.17482878267765045166015625,-0.99999964237213134765625,0,0,6.48001003265380859375,-4.54874420166015625,0.5032937526702880859375">
        </Bone>
      </Part>
    </Brick>
    <Brick refID="104" designID="60032">
      <Part refID="104" designID="60032" materials="283">
        <Bone refID="105" transformation="0,0.17482875287532806396484375,0.98459804058074951171875,0,-0.9845981597900390625,0.17482878267765045166015625,0.99999964237213134765625,0,0,6.480010986328125,-5.00367832183837890625,-0.2284374237060546875">
        </Bone>
      </Part>
    </Brick>
    <Brick refID="105" designID="4032">
      <Part refID="105" designID="4032" materials="283">
