<?xml version="1.0" encoding="UTF-8" standalone="no" ?>
<LXFML versionMajor="5" versionMinor="0" name="Grand Robot Blanc (boulot)">
  <Meta>
    <Application name="LEGO Digital Designer" versionMajor="4" versionMinor="3"/>
    <Brand name="LDDExtended"/>
    <BrickSet version="1033"/>
  </Meta>
  <Cameras>
    <Camera refID="1" fieldOfView="80" distance="87.55748748779296875" transformation="0.973785579204559326171875,0,0.22746749222278594970703125,0.0608266852796077728271484375,0.963583171367645263671875,-0.2603982985019683837890625,-0.21918390691280364990234375,0.2674082219600677490234375,0.93832361698150634765625,-24.934619903564453125,2.9485683441162109375,88.987060546875"/>
  </Cameras>
  <Bricks cameraRef="1">
    <Brick refID="0" designID="3794">
      <Part refID="0" designID="3794" materials="1">
        <Bone refID="1" transformation="1,0,0,0,1,0,0,0,1,4.3999996185302734375,-21.928348541259765625,-6.800000667572021484375">
        </Bone>
      </Part>
    </Brick>
    <Brick refID="1" designID="6141">
      <Part refID="1" designID="6141" materials="194">
        <Bone refID="2" transformation="-0.9999892711639404296875,0,-0.0046322294510900974273681640625,-0.0046322294510900974273681640625,0,0.9999892711639404296875,0,1,0,-7.97481632232666015625,-19.9034976959228515625,0.078172206878662109375">
        </Bone>
      </Part>
    </Brick>
    <Brick refID="2" designID="60897">
      <Part refID="2" designID="60897" materials="194">
        <Bone refID="3" transformation="0.9999892711639404296875,0,0.0046322294510900974273681640625,-0.0046322294510900974273681640625,0,0.9999892711639404296875,0,-1,0,-7.976298809051513671875,-19.903499603271484375,0.3981679379940032958984375">
        </Bone>
      </Part>
    </Brick>
    <Brick refID="3" designID="47905">
      <Part refID="3" designID="47905" materials="26">
        <Bone refID="4" transformation="0.9999892711639404296875,0,0.0046322294510900974273681640625,-0.0046322294510900974273681640625,0,0.9999892711639404296875,0,-1,0,-7.977782726287841796875,-19.903499603271484375,0.718165576457977294921875">
        </Bone>
      </Part>
    </Brick>
    <Brick refID="4" designID="60897">
      <Part refID="4" designID="60897" materials="194">
        <Bone refID="5" transformation="0.9999892711639404296875,0,0.0046322294510900974273681640625,-0.0046322294510900974273681640625,0,0.9999892711639404296875,0,-1,0,-7.982227802276611328125,-19.903499603271484375,1.6781547069549560546875">
        </Bone>
      </Part>
    </Brick>
    <Brick refID="5" designID="3070">
      <Part refID="5" designID="3070" materials="194,0" decoration="0">
        <Bone refID="6" transformation="-0.99998939037322998046875,0,-0.0046322294510900974273681640625,-0.004632229916751384735107421875,0,0.99998939037322998046875,0,1,0,-7.98371028900146484375,-19.903499603271484375,1.998151302337646484375">
        </Bone>
      </Part>
    </Brick>
    <Brick refID="6" designID="4032">
      <Part refID="6" designID="4032" materials="194">
        <Bone refID="7" transformation="0,0.99999988079071044921875,0,0.99998939037322998046875,0,0.00463234819471836090087890625,0.0046321102418005466461181640625,0,-0.99998939037322998046875,-7.578529834747314453125,-20.3034992218017578125,0.880016744136810302734375">
        </Bone>
      </Part>
    </Brick>
    <Brick refID="7" designID="87079">
      <Part refID="7" designID="87079" materials="1,0" decoration="0">
        <Bone refID="8" transformation="0,0.99999988079071044921875,0,0.99998939037322998046875,0,0.00463234819471836090087890625,0.0046321102418005466461181640625,0,-0.99998939037322998046875,-7.25853633880615234375,-20.3034992218017578125,0.881498157978057861328125">
        </Bone>
      </Part>
    </Brick>
    <Brick refID="8" designID="3023">
      <Part refID="8" designID="3023" materials="194">
        <Bone refID="9" transformation="-0.0046321102418005466461181640625,0,0.99998939037322998046875,0.99998939037322998046875,0,0.0046323477290570735931396484375,0,0.99999988079071044921875,0,-7.57853221893310546875,-18.70349884033203125,0.880015790462493896484375">
        </Bone>
      </Part>
    </Brick>
    <Brick refID="9" designID="47905">
      <Part refID="9" designID="47905" materials="26">
        <Bone refID="10" transformation="0.99998939037322998046875,0,0.004632315598428249359130859375,0.0046323179267346858978271484375,0,-0.99998939037322998046875,0,0.99999988079071044921875,0,-7.981117725372314453125,-18.7035007476806640625,1.4381582736968994140625">
        </Bone>
      </Part>
    </Brick>
    <Brick refID="10" designID="3070">
      <Part refID="10" designID="3070" materials="194,0" decoration="0">
        <Bone refID="11" transformation="0.99998939037322998046875,0,0.0046323151327669620513916015625,0.0046323179267346858978271484375,0,-0.99998939037322998046875,0,0.99999988079071044921875,0,-7.97667026519775390625,-18.7035007476806640625,0.4781683981418609619140625">
        </Bone>
      </Part>
    </Brick>
    <Brick refID="11" designID="3023">
      <Part refID="11" designID="3023" materials="194">
        <Bone refID="12" transformation="0.00463227368891239166259765625,0,-0.99998939037322998046875,-0.99998939037322998046875,0,-0.0046322732232511043548583984375,0,0.99999988079071044921875,0,-8.38222503662109375,-18.7035007476806640625,1.6763026714324951171875">
        </Bone>
      </Part>
    </Brick>
    <Brick refID="12" designID="87079">
      <Part refID="12" designID="87079" materials="1,0" decoration="0">
        <Bone refID="13" transformation="0,0.999999940395355224609375,0,-0.9999892711639404296875,0,-0.0046322732232511043548583984375,-0.0046322732232511043548583984375,0,0.9999892711639404296875,-8.70222187042236328125,-20.303501129150390625,1.674820423126220703125">
        </Bone>
      </Part>
    </Brick>
    <Brick refID="13" designID="4032">
      <Part refID="13" designID="4032" materials="194">
        <Bone refID="14" transformation="0,0.999999940395355224609375,0,-0.9999892711639404296875,0,-0.0046322732232511043548583984375,-0.0046322732232511043548583984375,0,0.9999892711639404296875,-8.38222408294677734375,-20.303501129150390625,1.67630279064178466796875">
        </Bone>
      </Part>
    </Brick>
    <Brick refID="14" designID="3020">
      <Part refID="14" designID="3020" materials="5">
        <Bone refID="15" transformation="0,0.999999940395355224609375,0,-0.9999892711639404296875,0,-0.0046322732232511043548583984375,-0.0046322732232511043548583984375,0,0.9999892711639404296875,-8.38222503662109375,-17.9035015106201171875,1.6763026714324951171875">
        </Bone>
      </Part>
    </Brick>
    <Brick refID="15" designID="3069">
      <Part refID="15" designID="3069" materials="105,0" decoration="0">
        <Bone refID="16" transformation="0,0.99999988079071044921875,0,-0.99998939037322998046875,0,-0.0046324362047016620635986328125,-0.0046321987174451351165771484375,0,0.999989032745361328125,-8.945926666259765625,-15.90371799468994140625,2.4736983776092529296875">
        </Bone>
      </Part>
    </Brick>
    <Brick refID="16" designID="99780">
      <Part refID="16" designID="99780" materials="199">
        <Bone refID="17" transformation="0,-0.999999940395355224609375,0,-0.0046321549452841281890869140625,0,0.999989032745361328125,-0.99998939037322998046875,0,-0.0046323924325406551361083984375,-8.3840789794921875,-15.103496551513671875,2.0762970447540283203125">
        </Bone>
      </Part>
    </Brick>
    <Brick refID="17" designID="3020">
      <Part refID="17" designID="3020" materials="105">
        <Bone refID="18" transformation="0,-0.999999940395355224609375,0,-0.00463215447962284088134765625,0,0.99998915195465087890625,-0.99998939037322998046875,0,-0.0046323924325406551361083984375,-8.38556194305419921875,-15.103496551513671875,2.3962938785552978515625">
        </Bone>
      </Part>
    </Brick>
    <Brick refID="18" designID="3069">
      <Part refID="18" designID="3069" materials="194,0" decoration="0">
        <Bone refID="19" transformation="0.99998939037322998046875,0,0.0046323924325406551361083984375,-0.0046321549452841281890869140625,0,0.999989032745361328125,0,-0.999999940395355224609375,0,-8.38726806640625,-15.1034946441650390625,2.716289043426513671875">
        </Bone>
      </Part>
    </Brick>
    <Brick refID="19" designID="3021">
      <Part refID="19" designID="3021" materials="105">
        <Bone refID="20" transformation="0,0.999999940395355224609375,0,-0.00463215447962284088134765625,0,0.9999892711639404296875,0.99998939037322998046875,0,0.0046323924325406551361083984375,-7.584087371826171875,-18.303497314453125,2.0800037384033203125">
        </Bone>
      </Part>
    </Brick>
    <Brick refID="20" designID="48336">
      <Part refID="20" designID="48336" materials="1">
        <Bone refID="21" transformation="0.99998939037322998046875,0,0.004632391966879367828369140625,-0.00463215447962284088134765625,0,0.99998915195465087890625,0,-0.999999940395355224609375,0,-8.38556194305419921875,-18.303497314453125,2.3962943553924560546875">
        </Bone>
      </Part>
    </Brick>
    <Brick refID="21" designID="87079">
      <Part refID="21" designID="87079" materials="1,0" decoration="0">
        <Bone refID="22" transformation="0,0.999999940395355224609375,0,-0.0046321549452841281890869140625,0,0.999989032745361328125,0.99998939037322998046875,0,0.0046323924325406551361083984375,-7.58705234527587890625,-18.3034992218017578125,2.7199971675872802734375">
        </Bone>
      </Part>
    </Brick>
    <Brick refID="22" designID="52107">
      <Part refID="22" designID="52107" materials="26">
        <Bone refID="23" transformation="0,-0.999999940395355224609375,0,-0.00463215447962284088134765625,0,0.99998939037322998046875,-0.99998939037322998046875,0,-0.0046323924325406551361083984375,-7.9796390533447265625,-17.1034984588623046875,1.1181604862213134765625">
        </Bone>
      </Part>
    </Brick>
    <Brick refID="23" designID="3023">
      <Part refID="23" designID="3023" materials="194">
        <Bone refID="24" transformation="0,0.999999940395355224609375,0,-0.0046321549452841281890869140625,0,0.9999892711639404296875,0.99998939037322998046875,0,0.0046323924325406551361083984375,-7.97815608978271484375,-17.903499603271484375,0.798163890838623046875">
        </Bone>
      </Part>
    </Brick>
    <Brick refID="24" designID="3938">
      <Part refID="24" designID="3938" materials="194">
        <Bone refID="25" transformation="0,-0.999999940395355224609375,0,-0.004632155410945415496826171875,0,0.99998915195465087890625,-0.99998939037322998046875,0,-0.0046323924325406551361083984375,-7.976302623748779296875,-17.1034984588623046875,0.398167192935943603515625">
        </Bone>
      </Part>
    </Brick>
    <Brick refID="25" designID="3023">
      <Part refID="25" designID="3023" materials="283">
        <Bone refID="26" transformation="0,0.999999940395355224609375,0,-0.0046321549452841281890869140625,0,0.999989032745361328125,0.99998939037322998046875,0,0.0046323924325406551361083984375,-7.58408832550048828125,-15.9034976959228515625,2.080003261566162109375">
        </Bone>
      </Part>
    </Brick>
    <Brick refID="26" designID="3020">
      <Part refID="26" designID="3020" materials="5">
        <Bone refID="27" transformation="0,0.999999821186065673828125,0,0.99998939037322998046875,0,0.0046323477290570735931396484375,0.00463210977613925933837890625,0,-0.99998939037322998046875,-7.578532695770263671875,-17.903499603271484375,0.880015850067138671875">
        </Bone>
      </Part>
    </Brick>
    <Brick refID="27" designID="2412">
      <Part refID="27" designID="2412" materials="283">
        <Bone refID="28" transformation="0.0046322732232511043548583984375,0,-0.9999892711639404296875,-0.9999892711639404296875,0,-0.0046322732232511043548583984375,0,0.999999940395355224609375,0,-8.7022228240966796875,-17.1035003662109375,1.67482030391693115234375">
        </Bone>
      </Part>
    </Brick>
    <Brick refID="28" designID="3068">
      <Part refID="28" designID="3068" materials="105,0" decoration="0">
        <Bone refID="29" transformation="0,0.999999940395355224609375,0,-0.9999892711639404296875,0,-0.0046322732232511043548583984375,-0.0046322732232511043548583984375,0,0.9999892711639404296875,-8.70222187042236328125,-16.303501129150390625,1.6748201847076416015625">
        </Bone>
      </Part>
    </Brick>
    <Brick refID="29" designID="2412">
      <Part refID="29" designID="2412" materials="1">
        <Bone refID="30" transformation="-0.00463210977613925933837890625,0,0.99998939037322998046875,0.99998939037322998046875,0,0.004632347263395786285400390625,0,0.999999821186065673828125,0,-7.25853633880615234375,-17.1034984588623046875,0.88149821758270263671875">
        </Bone>
      </Part>
    </Brick>
    <Brick refID="30" designID="3068">
      <Part refID="30" designID="3068" materials="1,0" decoration="0">
        <Bone refID="31" transformation="0,-0.999999821186065673828125,0,0.99998939037322998046875,0,0.004632347263395786285400390625,-0.00463210977613925933837890625,0,0.99998939037322998046875,-7.26224231719970703125,-15.5034999847412109375,1.6814897060394287109375">
        </Bone>
      </Part>
    </Brick>
    <Brick refID="31" designID="4697">
      <Part refID="31" designID="4697" materials="194">
        <Bone refID="32" transformation="0.00465677492320537567138671875,0,-0.99998915195465087890625,-0.99998915195465087890625,0,-0.00465677492320537567138671875,0,1,0,-7.98000240325927734375,-20.70349884033203125,1.199998378753662109375">
        </Bone>
      </Part>
    </Brick>
    <Brick refID="32" designID="4274">
      <Part refID="32" designID="4274" materials="194">
        <Bone refID="33" transformation="0,0,-1,0,1,0,1,0,0,-6.78000164031982421875,-22.111660003662109375,1.199999332427978515625">
        </Bone>
      </Part>
    </Brick>
    <Brick refID="33" designID="6541">
      <Part refID="33" designID="6541" materials="194">
        <Bone refID="34" transformation="0,0,-1,0,-1,0,-1,0,0,-7.98000049591064453125,-21.5316600799560546875,1.199999332427978515625">
        </Bone>
      </Part>
    </Brick>
    <Brick refID="34" designID="85861">
      <Part refID="34" designID="85861" materials="194">
        <Bone refID="35" transformation="-1,0,0,0,-1,0,0,0,1,-7.98000240325927734375,-21.2116603851318359375,1.199999332427978515625">
        </Bone>
      </Part>
    </Brick>
    <Brick refID="35" designID="4274">
      <Part refID="35" designID="4274" materials="194">
        <Bone refID="36" transformation="0,0,1,0,1,0,-1,0,0,-9.18000125885009765625,-22.111660003662109375,1.199999332427978515625">
        </Bone>
      </Part>
    </Brick>
    <Brick refID="36" designID="42610">
      <Part refID="36" designID="42610" materials="194">
        <Bone refID="37" transformation="0,0.038479693233966827392578125,0.99925935268402099609375,0,0.99925935268402099609375,-0.038479693233966827392578125,-1,0,0,-7.58000278472900390625,-22.1116580963134765625,1.199999332427978515625">
        </Bone>
      </Part>
    </Brick>
    <Brick refID="37" designID="42610">
      <Part refID="37" designID="42610" materials="194">
        <Bone refID="38" transformation="0,0.0384796969592571258544921875,-0.99925935268402099609375,0,0.99925935268402099609375,0.0384796969592571258544921875,1,0,0,-8.38000202178955078125,-22.1116580963134765625,1.199999332427978515625">
        </Bone>
      </Part>
    </Brick>
    <Brick refID="38" designID="60470">
      <Part refID="38" designID="60470" materials="1">
        <Bone refID="39" transformation="-0.99998915195465087890625,0,-0.004658140242099761962890625,-0.00304078520275652408599853515625,0.75752437114715576171875,0.6527998447418212890625,0.003528724424540996551513671875,0.652806937694549560546875,-0.7575161457061767578125,-7.588786602020263671875,-19.81360626220703125,3.092111110687255859375">
        </Bone>
      </Part>
    </Brick>
    <Brick refID="39" designID="59489">
      <Part refID="39" designID="59489" materials="1">
        <Bone refID="40" transformation="-0.9999892711639404296875,0,-0.0046581407077610492706298828125,-0.00304078520275652408599853515625,0.75752437114715576171875,0.6527998447418212890625,0.003528724424540996551513671875,0.652806937694549560546875,-0.7575161457061767578125,-7.58975887298583984375,-19.571197509765625,3.3010079860687255859375">
        </Bone>
      </Part>
    </Brick>
    <Brick refID="40" designID="32123">
      <Part refID="40" designID="32123" materials="194">
        <Bone refID="41" transformation="-0.2070874273777008056640625,-0.058931134641170501708984375,-0.97654592990875244140625,0.94279348850250244140625,0.2545396387577056884765625,-0.21529042720794677734375,0.2612569630146026611328125,-0.965265095233917236328125,0.00284793064929544925689697265625,-15.24306392669677734375,-4.658477783203125,4.2319183349609375">
        </Bone>
      </Part>
    </Brick>
    <Brick refID="41" designID="30374">
      <Part refID="41" designID="30374" materials="26">
        <Bone refID="42" transformation="0.9427936077117919921875,0.254539549350738525390625,-0.21529023349285125732421875,0.20708663761615753173828125,0.0589332878589630126953125,0.97654592990875244140625,0.2612573206424713134765625,-0.965264976024627685546875,0.00285018817521631717681884765625,-14.55334568023681640625,-7.20677661895751953125,4.23944091796875">
        </Bone>
      </Part>
    </Brick>
    <Brick refID="42" designID="4070">
      <Part refID="42" designID="4070" materials="23">
        <Bone refID="43" transformation="-0.959187328815460205078125,-0.2592799961566925048828125,0.112842805683612823486328125,0.10818387567996978759765625,0.032216139137744903564453125,0.993608772754669189453125,-0.26125824451446533203125,0.965264737606048583984375,-0.00285139842890202999114990234375,-15.1944408416748046875,-5.079998493194580078125,3.6766815185546875">
        </Bone>
      </Part>
    </Brick>
    <Brick refID="43" designID="4085">
      <Part refID="43" designID="4085" materials="23">
        <Bone refID="44" transformation="0.2612582743167877197265625,-0.965264737606048583984375,0.00285137654282152652740478515625,0.108183898031711578369140625,0.03221614658832550048828125,0.993608772754669189453125,-0.959187328815460205078125,-0.2592799961566925048828125,0.112842805683612823486328125,-15.0905857086181640625,-5.04907131195068359375,4.630535125732421875">
        </Bone>
      </Part>
    </Brick>
    <Brick refID="44" designID="4733">
      <Part refID="44" designID="4733" materials="1">
        <Bone refID="45" transformation="0.959187328815460205078125,0.2592799961566925048828125,-0.112842805683612823486328125,-0.26125824451446533203125,0.965264737606048583984375,-0.00285139842890202999114990234375,0.108183898031711578369140625,0.032216139137744903564453125,0.993608772754669189453125,-14.77855014801025390625,-6.37471294403076171875,4.23697757720947265625">
        </Bone>
      </Part>
    </Brick>
    <Brick refID="45" designID="2431">
      <Part refID="45" designID="2431" materials="1,0" decoration="0">
        <Bone refID="46" transformation="-0.2612572610378265380859375,0.9652650356292724609375,-0.0028501539491117000579833984375,0.95918762683868408203125,0.2592786252498626708984375,-0.112843118607997894287109375,-0.108184583485126495361328125,-0.0322150290012359619140625,-0.9936087131500244140625,-13.91416168212890625,-8.04709339141845703125,4.19708728790283203125">
        </Bone>
      </Part>
    </Brick>
    <Brick refID="46" designID="4085">
      <Part refID="46" designID="4085" materials="23">
        <Bone refID="47" transformation="0.261258304119110107421875,-0.965264737606048583984375,0.00285139144398272037506103515625,0.108183912932872772216796875,0.0322161577641963958740234375,0.993608772754669189453125,-0.959187328815460205078125,-0.2592799961566925048828125,0.112842820584774017333984375,-15.22906208038330078125,-5.090307712554931640625,3.35872554779052734375">
        </Bone>
      </Part>
    </Brick>
    <Brick refID="47" designID="92593">
      <Part refID="47" designID="92593" materials="1">
        <Bone refID="48" transformation="0.2612583935260772705078125,-0.96526467800140380859375,0.0028512962162494659423828125,0.108184017241001129150390625,0.032216094434261322021484375,0.993608772754669189453125,-0.9591872692108154296875,-0.25928020477294921875,0.112842619419097900390625,-14.8815784454345703125,-5.821284770965576171875,4.632809162139892578125">
        </Bone>
      </Part>
    </Brick>
    <Brick refID="48" designID="4070">
      <Part refID="48" designID="4070" materials="194">
        <Bone refID="49" transformation="0.108184613287448883056640625,0.0322149582207202911376953125,0.99360883235931396484375,0.95918762683868408203125,0.259278595447540283203125,-0.112843133509159088134765625,-0.2612572610378265380859375,0.9652650356292724609375,-0.00285012088716030120849609375,-15.2529926300048828125,-6.75157833099365234375,4.300838947296142578125">
        </Bone>
      </Part>
    </Brick>
    <Brick refID="49" designID="3070">
      <Part refID="49" designID="3070" materials="1,0" decoration="0">
        <Bone refID="50" transformation="-0.261258304119110107421875,0.965264737606048583984375,-0.00285142823122441768646240234375,-0.959187328815460205078125,-0.2592799663543701171875,0.112842716276645660400390625,0.10818396508693695068359375,0.03221602737903594970703125,0.993608772754669189453125,-15.30852985382080078125,-5.937878131866455078125,4.280518054962158203125">
        </Bone>
      </Part>
    </Brick>
    <Brick refID="50" designID="4070">
      <Part refID="50" designID="4070" materials="194">
        <Bone refID="51" transformation="0.108183942735195159912109375,0.0322161130607128143310546875,0.993608772754669189453125,0.959187328815460205078125,0.2592799365520477294921875,-0.11284266412258148193359375,-0.26125824451446533203125,0.965264856815338134765625,-0.00285151624120771884918212890625,-15.04398632049560546875,-7.523792266845703125,4.303120136260986328125">
        </Bone>
      </Part>
    </Brick>
    <Brick refID="51" designID="92593">
      <Part refID="51" designID="92593" materials="1">
        <Bone refID="52" transformation="0.26125824451446533203125,-0.965264737606048583984375,0.00285139842890202999114990234375,-0.108183898031711578369140625,-0.032216139137744903564453125,-0.993608772754669189453125,0.959187328815460205078125,0.2592799961566925048828125,-0.112842805683612823486328125,-14.9681262969970703125,-5.84705829620361328125,3.8379371166229248046875">
        </Bone>
      </Part>
    </Brick>
    <Brick refID="52" designID="4733">
      <Part refID="52" designID="4733" materials="26">
        <Bone refID="53" transformation="-0.2612583339214324951171875,0.965264737606048583984375,-0.00285135838203132152557373046875,0.9591872692108154296875,0.2592801153659820556640625,-0.112842775881290435791015625,-0.10818387567996978759765625,-0.032216109335422515869140625,-0.993608772754669189453125,-14.8349781036376953125,-8.29600620269775390625,4.305423736572265625">
        </Bone>
      </Part>
    </Brick>
    <Brick refID="53" designID="3023">
      <Part refID="53" designID="3023" materials="194">
        <Bone refID="54" transformation="-0.2612583339214324951171875,0.965264737606048583984375,-0.00285156792961061000823974609375,0.959187328815460205078125,0.2592799663543701171875,-0.11284266412258148193359375,-0.108183942735195159912109375,-0.032216154038906097412109375,-0.993608772754669189453125,-15.350925445556640625,-7.6067638397216796875,4.339229583740234375">
        </Bone>
      </Part>
    </Brick>
    <Brick refID="54" designID="4697">
      <Part refID="54" designID="4697" materials="194">
        <Bone refID="55" transformation="-0.108183421194553375244140625,-0.032215721905231475830078125,-0.99360883235931396484375,-0.664440095424652099609375,0.745787918567657470703125,0.0481631271541118621826171875,0.73946988582611083984375,0.665404021739959716796875,-0.102087311446666717529296875,-15.9425868988037109375,-5.28175830841064453125,3.923858642578125">
        </Bone>
      </Part>
    </Brick>
    <Brick refID="55" designID="4697">
      <Part refID="55" designID="4697" materials="194">
        <Bone refID="56" transformation="0.9579689502716064453125,0.25891780853271484375,-0.123519502580165863037109375,0.1184967458248138427734375,0.0349798612296581268310546875,0.992338120937347412109375,0.2612546980381011962890625,-0.965265750885009765625,0.0028287027962505817413330078125,-14.04489898681640625,-9.08533763885498046875,4.24498748779296875">
        </Bone>
      </Part>
    </Brick>
    <Brick refID="56" designID="41677">
      <Part refID="56" designID="41677" materials="199">
        <Bone refID="57" transformation="-0.2612579762935638427734375,0.965264797210693359375,-0.002851500175893306732177734375,-0.118490718305110931396484375,-0.0350021012127399444580078125,-0.99233806133270263671875,-0.957968771457672119140625,-0.258918344974517822265625,0.12351949512958526611328125,-13.6077404022216796875,-9.795886993408203125,4.21785736083984375">
        </Bone>
      </Part>
    </Brick>
    <Brick refID="57" designID="85861">
      <Part refID="57" designID="85861" materials="1">
        <Bone refID="58" transformation="-0.66715800762176513671875,0.70411360263824462890625,-0.24315463006496429443359375,0.7394697666168212890625,0.6654040813446044921875,-0.10208761692047119140625,0.089914806187152862548828125,-0.24791406095027923583984375,-0.964600384235382080078125,-16.6880931854248046875,-5.95259189605712890625,4.0267791748046875">
        </Bone>
      </Part>
    </Brick>
    <Brick refID="58" designID="4733">
      <Part refID="58" designID="4733" materials="23">
        <Bone refID="59" transformation="0.66715800762176513671875,-0.70411360263824462890625,0.2431545257568359375,0.739469826221466064453125,0.665404021739959716796875,-0.10208754241466522216796875,-0.08991463482379913330078125,0.247913897037506103515625,0.96460056304931640625,-17.397983551025390625,-6.59138202667236328125,4.12478351593017578125">
        </Bone>
      </Part>
    </Brick>
    <Brick refID="59" designID="2555">
      <Part refID="59" designID="2555" materials="23">
        <Bone refID="60" transformation="-0.7277202606201171875,-0.68578898906707763671875,0.01082022488117218017578125,0.667158067226409912109375,-0.704113543033599853515625,0.24315451085567474365234375,-0.1591337621212005615234375,0.184167206287384033203125,0.969927370548248291015625,-16.7170124053955078125,-6.50039958953857421875,4.16487598419189453125">
        </Bone>
      </Part>
    </Brick>
    <Brick refID="60" designID="3070">
      <Part refID="60" designID="3070" materials="23,0" decoration="0">
        <Bone refID="61" transformation="0.739469945430755615234375,0.66540396213531494140625,-0.102087773382663726806640625,0.08991475403308868408203125,-0.24791379272937774658203125,-0.96460056304931640625,-0.6671578884124755859375,0.704113781452178955078125,-0.24315440654754638671875,-16.94791412353515625,-6.31791973114013671875,3.68175792694091796875">
        </Bone>
      </Part>
    </Brick>
    <Brick refID="61" designID="3070">
      <Part refID="61" designID="3070" materials="194,0" decoration="0">
        <Bone refID="62" transformation="0.089914672076702117919921875,-0.247914016246795654296875,-0.96460056304931640625,0.667157948017120361328125,-0.704113662242889404296875,0.24315463006496429443359375,-0.73946988582611083984375,-0.66540396213531494140625,0.102087624371051788330078125,-17.537303924560546875,-6.55326175689697265625,4.9313373565673828125">
        </Bone>
      </Part>
    </Brick>
    <Brick refID="62" designID="4081">
      <Part refID="62" designID="4081" materials="194">
        <Bone refID="63" transformation="0.739469826221466064453125,0.665404021739959716796875,-0.102087594568729400634765625,0.667157948017120361328125,-0.704113543033599853515625,0.2431546747684478759765625,0.089914672076702117919921875,-0.24791388213634490966796875,-0.96460044384002685546875,-17.7507953643798828125,-6.327943325042724609375,4.853543758392333984375">
        </Bone>
      </Part>
    </Brick>
    <Brick refID="63" designID="4697">
      <Part refID="63" designID="4697" materials="194">
        <Bone refID="64" transformation="0.9579689502716064453125,0.258917748928070068359375,-0.12351949512958526611328125,-0.11849676072597503662109375,-0.034979782998561859130859375,-0.992338120937347412109375,-0.2612546384334564208984375,0.965265750885009765625,-0.00282862968742847442626953125,-13.83589267730712890625,-9.85755157470703125,4.2472686767578125">
        </Bone>
      </Part>
    </Brick>
    <Brick refID="64" designID="41677">
      <Part refID="64" designID="41677" materials="199">
        <Bone refID="65" transformation="-0.2612579762935638427734375,0.965264797210693359375,-0.002851500175893306732177734375,-0.118490718305110931396484375,-0.0350021012127399444580078125,-0.99233806133270263671875,-0.957968771457672119140625,-0.258918344974517822265625,0.12351949512958526611328125,-14.447235107421875,-10.0227832794189453125,4.3260955810546875">
        </Bone>
      </Part>
    </Brick>
    <Brick refID="65" designID="3070">
      <Part refID="65" designID="3070" materials="194,0" decoration="0">
        <Bone refID="66" transformation="0.26125466823577880859375,-0.965265750885009765625,0.0028288853354752063751220703125,0.957969009876251220703125,0.258917748928070068359375,-0.123519338667392730712890625,0.11849653720855712890625,0.0349799878895282745361328125,0.992338120937347412109375,-12.953830718994140625,-10.3817081451416015625,4.1604461669921875">
        </Bone>
      </Part>
    </Brick>
    <Brick refID="66" designID="3623">
      <Part refID="66" designID="3623" materials="105">
        <Bone refID="67" transformation="-0.2612546384334564208984375,0.965265750885009765625,-0.00282879895530641078948974609375,0.957969009876251220703125,0.2589177191257476806640625,-0.12351931631565093994140625,-0.118496574461460113525390625,-0.0349798984825611114501953125,-0.992338120937347412109375,-12.842372894287109375,-12.0089893341064453125,4.20450687408447265625">
        </Bone>
      </Part>
    </Brick>
    <Brick refID="67" designID="3069">
      <Part refID="67" designID="3069" materials="105,0" decoration="0">
        <Bone refID="68" transformation="-0.2612546384334564208984375,0.965265750885009765625,-0.00282879755832254886627197265625,0.957969009876251220703125,0.2589177191257476806640625,-0.12351931631565093994140625,-0.118496574461460113525390625,-0.0349798984825611114501953125,-0.992338120937347412109375,-12.5357646942138671875,-11.9263515472412109375,4.16496562957763671875">
        </Bone>
      </Part>
    </Brick>
    <Brick refID="68" designID="4070">
      <Part refID="68" designID="4070" materials="194">
        <Bone refID="69" transformation="0.11849670112133026123046875,0.034979559481143951416015625,0.992338120937347412109375,0.95796978473663330078125,0.25891530513763427734375,-0.1235193908214569091796875,-0.2612526416778564453125,0.965266287326812744140625,-0.0028287470340728759765625,-14.1800327301025390625,-10.7131366729736328125,4.3185214996337890625">
        </Bone>
      </Part>
    </Brick>
    <Brick refID="69" designID="4595">
      <Part refID="69" designID="4595" materials="194">
        <Bone refID="70" transformation="0.261254608631134033203125,-0.965265750885009765625,0.00282871327362954616546630859375,0.957969009876251220703125,0.258917748928070068359375,-0.1235193312168121337890625,0.11849661171436309814453125,0.034979812800884246826171875,0.992338120937347412109375,-13.664478302001953125,-11.402484893798828125,4.2812957763671875">
        </Bone>
      </Part>
    </Brick>
    <Brick refID="70" designID="87079">
      <Part refID="70" designID="87079" materials="1,0" decoration="0">
        <Bone refID="71" transformation="-0.2612544596195220947265625,0.965265810489654541015625,-0.0028287251479923725128173828125,0.118496559560298919677734375,0.034979797899723052978515625,0.992338120937347412109375,0.95796906948089599609375,0.258917629718780517578125,-0.1235192716121673583984375,-12.69047260284423828125,-12.38110446929931640625,4.602561473846435546875">
        </Bone>
      </Part>
    </Brick>
    <Brick refID="71" designID="3023">
      <Part refID="71" designID="3023" materials="312">
        <Bone refID="72" transformation="0.957969009876251220703125,0.2589177787303924560546875,-0.1235193908214569091796875,-0.11849661171436309814453125,-0.0349798314273357391357421875,-0.992338120937347412109375,-0.2612546384334564208984375,0.965265750885009765625,-0.00282872677780687808990478515625,-14.38766193389892578125,-9.5273761749267578125,3.89844799041748046875">
        </Bone>
      </Part>
    </Brick>
    <Brick refID="72" designID="87079">
      <Part refID="72" designID="87079" materials="1,0" decoration="0">
        <Bone refID="73" transformation="-0.2612546384334564208984375,0.965265750885009765625,-0.0028287121094763278961181640625,-0.118496648967266082763671875,-0.034979812800884246826171875,-0.992338120937347412109375,-0.957969009876251220703125,-0.2589177787303924560546875,0.1235193908214569091796875,-13.7985687255859375,-11.8552093505859375,3.587677478790283203125">
        </Bone>
      </Part>
    </Brick>
    <Brick refID="73" designID="3020">
      <Part refID="73" designID="3020" materials="105">
        <Bone refID="74" transformation="0.2612546384334564208984375,-0.965265750885009765625,0.0028287121094763278961181640625,-0.118496596813201904296875,-0.0349798239767551422119140625,-0.992338120937347412109375,0.957969009876251220703125,0.2589177787303924560546875,-0.1235193908214569091796875,-13.412281036376953125,-10.092449188232421875,3.80187225341796875">
        </Bone>
      </Part>
    </Brick>
    <Brick refID="74" designID="3023">
      <Part refID="74" designID="3023" materials="194">
        <Bone refID="75" transformation="0.2612545788288116455078125,-0.965265750885009765625,0.0028287121094763278961181640625,0.957969009876251220703125,0.258917748928070068359375,-0.123519323766231536865234375,0.11849661171436309814453125,0.0349798090755939483642578125,0.992338120937347412109375,-13.9710330963134765625,-11.48533916473388671875,4.320792675018310546875">
        </Bone>
      </Part>
    </Brick>
    <Brick refID="75" designID="3938">
      <Part refID="75" designID="3938" materials="194">
        <Bone refID="76" transformation="0.2612545788288116455078125,-0.965265750885009765625,0.00282871094532310962677001953125,0.957969009876251220703125,0.258917748928070068359375,-0.12351931631565093994140625,0.11849661171436309814453125,0.0349798090755939483642578125,0.992338120937347412109375,-14.5632228851318359375,-10.8166942596435546875,4.3679447174072265625">
        </Bone>
      </Part>
    </Brick>
    <Brick refID="76" designID="59489">
      <Part refID="76" designID="59489" materials="1">
        <Bone refID="77" transformation="-0.957969009876251220703125,-0.2589177787303924560546875,0.1235193908214569091796875,-0.11849661171436309814453125,-0.0349798314273357391357421875,-0.992338120937347412109375,0.2612546384334564208984375,-0.965265750885009765625,0.00282872677780687808990478515625,-12.82318782806396484375,-12.42028141021728515625,3.49112796783447265625">
        </Bone>
      </Part>
    </Brick>
    <Brick refID="77" designID="6141">
      <Part refID="77" designID="6141" materials="194">
        <Bone refID="78" transformation="-0.261254608631134033203125,0.965265750885009765625,-0.00282880128361284732818603515625,0.957969009876251220703125,0.258917748928070068359375,-0.123519308865070343017578125,-0.118496574461460113525390625,-0.034979902207851409912109375,-0.992338120937347412109375,-14.06857776641845703125,-12.3404083251953125,4.3625965118408203125">
        </Bone>
      </Part>
    </Brick>
    <Brick refID="78" designID="4697">
      <Part refID="78" designID="4697" materials="194">
        <Bone refID="79" transformation="-0.667158067226409912109375,0.704113662242889404296875,-0.24315442144870758056640625,-0.739469707012176513671875,-0.665404140949249267578125,0.102087497711181640625,-0.089914761483669281005859375,0.24791382253170013427734375,0.96460044384002685546875,-17.08531951904296875,-5.93906879425048828125,5.1558380126953125">
        </Bone>
      </Part>
    </Brick>
    <Brick refID="79" designID="3068">
      <Part refID="79" designID="3068" materials="23,0" decoration="0">
        <Bone refID="80" transformation="0.562195718288421630859375,0.690080583095550537109375,0.4557683169841766357421875,-0.4887089431285858154296875,-0.1673690378665924072265625,0.856242477893829345703125,0.667157828807830810546875,-0.704113900661468505859375,0.24315439164638519287109375,-16.456012725830078125,-5.625667572021484375,5.66036224365234375">
        </Bone>
      </Part>
    </Brick>
    <Brick refID="80" designID="60470">
      <Part refID="80" designID="60470" materials="23">
        <Bone refID="81" transformation="0.667157828807830810546875,-0.704113900661468505859375,0.24315439164638519287109375,-0.488708972930908203125,-0.1673689782619476318359375,0.856242477893829345703125,-0.56219577789306640625,-0.690080702304840087890625,-0.45576822757720947265625,-16.8333721160888671875,-5.008817195892333984375,5.191841602325439453125">
        </Bone>
      </Part>
    </Brick>
    <Brick refID="81" designID="4697">
      <Part refID="81" designID="4697" materials="194">
        <Bone refID="82" transformation="0.0036729066632688045501708984375,-0.323305189609527587890625,-0.946287631988525390625,-0.7449076175689697265625,-0.632215976715087890625,0.2131093442440032958984375,-0.66715753078460693359375,0.704114139080047607421875,-0.24315457046031951904296875,-17.683170318603515625,-5.480731487274169921875,3.81275177001953125">
        </Bone>
      </Part>
    </Brick>
    <Brick refID="82" designID="3068">
      <Part refID="82" designID="3068" materials="194,0" decoration="0">
        <Bone refID="83" transformation="0.243203341960906982421875,0.959483325481414794921875,-0.1422810852527618408203125,0.9568326473236083984375,-0.2132479250431060791015625,0.1974757015705108642578125,0.159133493900299072265625,-0.18416593968868255615234375,-0.9699275493621826171875,-16.283580780029296875,-8.063159942626953125,4.11000823974609375">
        </Bone>
      </Part>
    </Brick>
    <Brick refID="83" designID="30375">
      <Part refID="83" designID="30375" materials="23,1,0" decoration="0,0">
        <Bone refID="84" transformation="-0.15913353860378265380859375,0.18416590988636016845703125,0.9699275493621826171875,-0.2432034015655517578125,-0.959483325481414794921875,0.14228104054927825927734375,0.956832587718963623046875,-0.2132479846477508544921875,0.19747574627399444580078125,-16.33647918701171875,-6.9021778106689453125,4.2932891845703125">
        </Bone>
      </Part>
    </Brick>
    <Brick refID="84" designID="6632">
      <Part refID="84" designID="6632" materials="194">
        <Bone refID="85" transformation="0.990787684917449951171875,-0.12692822515964508056640625,0.0472117997705936431884765625,0.13537442684173583984375,0.937744557857513427734375,-0.31985771656036376953125,-0.0036736340261995792388916015625,0.3233023583889007568359375,0.946288585662841796875,-19.27077484130859375,-5.071320056915283203125,4.341094970703125">
        </Bone>
      </Part>
    </Brick>
    <Brick refID="85" designID="6632">
