<?xml version="1.0" encoding="UTF-8" standalone="no" ?>
<LXFML versionMajor="5" versionMinor="0" name="00 Ash Gundam HA variant H2 Col2(sep)">
  <Meta>
    <Application name="LEGO Digital Designer" versionMajor="4" versionMinor="2"/>
    <Brand name="LDDExtended"/>
    <BrickSet version="604.1"/>
  </Meta>
  <Cameras>
    <Camera refID="0" fieldOfView="80" distance="125.86760711669922" transformation="0.90463399887084961,0,0.42618957161903381,0.13407164812088013,0.9492303729057312,-0.28458178043365479,-0.40455201268196106,0.31458225846290588,0.85870593786239624,-58.275474548339844,57.135974884033203,94.348236083984375"/>
  </Cameras>
  <Bricks cameraRef="0">
    <Brick refID="0" designID="57588">
      <Part refID="0" designID="57588" materials="21">
        <Bone refID="0" transformation="-0.97297585010528564,0.22818437218666077,-0.035367600619792938,0.22719995677471161,0.9186980128288269,-0.32306557893753052,-0.041226502507925034,-0.32236906886100769,-0.94571590423583984,-4.4978294372558594,25.853843688964844,-15.870460510253906">
        </Bone>
      </Part>
    </Brick>
    <Brick refID="1" designID="55297">
      <Part refID="1" designID="55297" materials="21">
        <Bone refID="1" transformation="-0.0072711203247308731,0.94377595186233521,-0.33050087094306946,0.99995964765548706,0.0050695077516138554,-0.007524159736931324,-0.0054256981238722801,-0.33054071664810181,-0.94377613067626953,-6.1213912963867187,24.145606994628906,-14.572704315185547">
        </Bone>
      </Part>
    </Brick>
    <Brick refID="2" designID="6141">
      <Part refID="2" designID="6141" materials="43">
        <Bone refID="2" transformation="0.9999510645866394,0.0051676123403012753,-0.0085253110155463219,-0.0089885890483856201,0.097520925104618073,-0.99519336223602295,-0.0043109804391860962,0.99521803855895996,0.097562283277511597,-6.19024658203125,23.962574005126953,-12.742778778076172">
        </Bone>
      </Part>
    </Brick>
    <Brick refID="3" designID="4733">
      <Part refID="3" designID="4733" materials="141">
        <Bone refID="3" transformation="-0.9999510645866394,-0.0051675182767212391,0.0085253035649657249,-0.008988591842353344,0.097521007061004639,-0.9951937198638916,0.0043109012767672539,-0.99521887302398682,-0.097562380135059357,-6.1931262016296387,23.993780136108398,-13.061245918273926">
        </Bone>
      </Part>
    </Brick>
    <Brick refID="4" designID="50746">
      <Part refID="4" designID="50746" materials="141">
        <Bone refID="4" transformation="-0.00047526060370728374,0.89822375774383545,0.44096067547798157,-0.99995046854019165,-0.0051674586720764637,0.0085252365097403526,0.01015439722687006,-0.44056272506713867,0.89696717262268066,-6.5981326103210449,24.046327590942383,-13.615145683288574">
        </Bone>
      </Part>
    </Brick>
    <Brick refID="5" designID="50746">
      <Part refID="5" designID="50746" materials="141">
        <Bone refID="5" transformation="1.0010770559310913,0.0062322714366018772,-0.0082843201234936714,-0.0062076379545032978,0.99500155448913574,0.10004572570323944,0.0098595693707466125,-0.098252058029174805,0.9955020546913147,-6.1985888481140137,24.444528579711914,-13.57584285736084">
        </Bone>
      </Part>
    </Brick>
    <Brick refID="6" designID="50746">
      <Part refID="6" designID="50746" materials="141">
        <Bone refID="6" transformation="0.00096651760395616293,-0.91672682762145996,-0.40090024471282959,0.9999503493309021,0.0051675657741725445,-0.0085252868011593819,0.010086291469633579,-0.40054398775100708,0.91561657190322876,-5.7981753349304199,24.050458908081055,-13.621966361999512">
        </Bone>
      </Part>
    </Brick>
    <Brick refID="7" designID="4733">
      <Part refID="7" designID="4733" materials="141">
        <Bone refID="7" transformation="0.9999510645866394,0.0051674316637217999,-0.0085253035649657249,-0.0089885899797081947,0.097520940005779266,-0.9951934814453125,-0.0043108109384775162,0.99522030353546143,0.097562484443187714,-6.2017474174499512,24.087398529052734,-14.016634941101074">
        </Bone>
      </Part>
    </Brick>
    <Brick refID="8" designID="3070">
      <Part refID="8" designID="3070" materials="151,0" decoration="0">
        <Bone refID="8" transformation="-0.99994975328445435,-0.0051673324778676033,0.0085251936689019203,-0.0043108495883643627,0.99521827697753906,0.097562342882156372,-0.0089884819462895393,0.097520925104618073,-0.99519336223602295,-6.2113146781921387,25.188850402832031,-14.471297264099121">
        </Bone>
      </Part>
    </Brick>
    <Brick refID="9" designID="4070">
      <Part refID="9" designID="4070" materials="141">
        <Bone refID="9" transformation="0.99995130300521851,0.0051673939451575279,-0.0085253119468688965,-0.0089886179193854332,0.097520992159843445,-0.99519360065460205,-0.0043108412064611912,0.99521851539611816,0.097562298178672791,-6.2052001953125,24.883584976196289,-13.938560485839844">
        </Bone>
      </Part>
    </Brick>
    <Brick refID="10" designID="52107">
      <Part refID="10" designID="52107" materials="151">
        <Bone refID="10" transformation="-0.0043109417892992496,0.99521899223327637,0.097562342882156372,-0.0089885974302887917,0.097521007061004639,-0.9951939582824707,-0.9999510645866394,-0.0051674363203346729,0.0085253044962882996,-6.2103838920593262,24.181032180786133,-14.971999168395996">
        </Bone>
      </Part>
    </Brick>
    <Brick refID="11" designID="50746">
      <Part refID="11" designID="50746" materials="151">
        <Bone refID="11" transformation="-0.0089886263012886047,0.097521036863327026,-0.99519407749176025,-0.99995046854019165,-0.005167477298527956,0.0085253426805138588,-0.0043110242113471031,0.99522018432617188,0.097562462091445923,-6.6188616752624512,25.029750823974609,-15.447859764099121">
        </Bone>
      </Part>
    </Brick>
    <Brick refID="12" designID="50746">
      <Part refID="12" designID="50746" materials="151">
        <Bone refID="12" transformation="0.0089885126799345016,-0.097521193325519562,0.99519574642181396,0.99995046854019165,0.0051673781126737595,-0.008525211364030838,-0.0043110242113471031,0.99522006511688232,0.097562454640865326,-5.8188815116882324,25.033878326416016,-15.454676628112793">
        </Bone>
      </Part>
    </Brick>
    <Brick refID="13" designID="6141">
      <Part refID="13" designID="6141" materials="151">
        <Bone refID="13" transformation="-0.0089886486530303955,0.097521193325519562,-0.99519586563110352,-0.99995040893554688,-0.0051674325950443745,0.0085253147408366203,-0.0043110717087984085,0.99522018432617188,0.097562462091445923,-6.6154055595397949,24.233577728271484,-15.525908470153809">
        </Bone>
      </Part>
    </Brick>
    <Brick refID="14" designID="3070">
      <Part refID="14" designID="3070" materials="151,0" decoration="0">
        <Bone refID="14" transformation="-0.0089886188507080078,0.097521007061004639,-0.9951937198638916,-0.99995040893554688,-0.0051674754358828068,0.0085253147408366203,-0.0043110279366374016,0.99522018432617188,0.09756246954202652,-6.9353899955749512,24.231924057006836,-15.523177146911621">
        </Bone>
      </Part>
    </Brick>
    <Brick refID="15" designID="6141">
      <Part refID="15" designID="6141" materials="151">
        <Bone refID="15" transformation="0.0089885415509343147,-0.097520925104618073,0.9951937198638916,0.9999505877494812,0.0051673813723027706,-0.0085252132266759872,-0.0043110274709761143,0.99521970748901367,0.097562409937381744,-5.8154406547546387,24.237710952758789,-15.53272533416748">
        </Bone>
      </Part>
    </Brick>
    <Brick refID="16" designID="3070">
      <Part refID="16" designID="3070" materials="151,0" decoration="0">
        <Bone refID="16" transformation="0.0089885089546442032,-0.097520962357521057,0.9951934814453125,0.9999505877494812,0.0051674246788024902,-0.0085252132266759872,-0.0043110218830406666,0.99521875381469727,0.097562342882156372,-5.4954485893249512,24.23936653137207,-15.535464286804199">
        </Bone>
      </Part>
    </Brick>
    <Brick refID="17" designID="3024">
      <Part refID="17" designID="3024" materials="43">
        <Bone refID="17" transformation="-0.99995118379592896,-0.0051673641428351402,0.0085252253338694572,0.0043107536621391773,-0.99522042274475098,-0.097562514245510101,0.0089885182678699493,-0.097520910203456879,0.99519383907318115,-6.2050662040710449,23.743923187255859,-14.612963676452637">
        </Bone>
      </Part>
    </Brick>
    <Brick refID="18" designID="3623">
      <Part refID="18" designID="3623" materials="151">
        <Bone refID="18" transformation="-0.0043111471459269524,0.99522066116333008,0.097562499344348907,-0.0089886272326111794,0.097521156072616577,-0.99519491195678711,-0.99995005130767822,-0.0051673855632543564,0.0085253342986106873,-6.2155718803405762,23.478473663330078,-16.005443572998047">
        </Bone>
      </Part>
    </Brick>
    <Brick refID="19" designID="6141">
      <Part refID="19" designID="6141" materials="21">
        <Bone refID="19" transformation="0.9999510645866394,0.0051673687994480133,-0.0085253296419978142,0.0043107541278004646,-0.99522030353546143,-0.097562499344348907,-0.0089885927736759186,0.097520872950553894,-0.99519360065460205,-6.2036852836608887,23.425457000732422,-14.644179344177246">
        </Bone>
      </Part>
    </Brick>
    <Brick refID="20" designID="4070">
      <Part refID="20" designID="4070" materials="151">
        <Bone refID="20" transformation="0.99994999170303345,0.0051674512214958668,-0.008525412529706955,-0.0089886533096432686,0.097521156072616577,-0.99519491195678711,-0.0043112114071846008,0.99522042274475098,0.09756246954202652,-6.2218890190124512,24.305858612060547,-16.245861053466797">
        </Bone>
      </Part>
    </Brick>
    <Brick refID="21" designID="50746">
      <Part refID="21" designID="50746" materials="151">
        <Bone refID="21" transformation="-0.99994975328445435,-0.0051674456335604191,0.0085251936689019203,-0.0043112109415233135,0.99521875381469727,0.09756237268447876,-0.0089885452762246132,0.097521156072616577,-0.99519479274749756,-6.2293276786804199,24.917797088623047,-16.748533248901367">
        </Bone>
      </Part>
    </Brick>
    <Brick refID="22" designID="3024">
      <Part refID="22" designID="3024" materials="151">
        <Bone refID="22" transformation="0.99995070695877075,0.0051674479618668556,-0.0085253044962882996,-0.0043112123385071754,0.99522149562835693,0.097562618553638458,0.0089886514469981194,-0.097521416842937469,0.99519592523574829,-6.2279605865478516,24.599323272705078,-16.779767990112305">
        </Bone>
      </Part>
    </Brick>
    <Brick refID="23" designID="3005">
      <Part refID="23" designID="3005" materials="26,0" decoration="0">
        <Bone refID="23" transformation="0.99994993209838867,0.0051673972047865391,-0.0085252774879336357,-0.0089885452762246132,0.097521141171455383,-0.99519479274749756,-0.0043111611157655716,0.99521923065185547,0.09756237268447876,-6.2069277763366699,23.384851455688477,-15.050063133239746">
        </Bone>
      </Part>
    </Brick>
    <Brick refID="24" designID="4733">
      <Part refID="24" designID="4733" materials="151">
        <Bone refID="24" transformation="0.99994999170303345,0.0051674526184797287,-0.008525412529706955,-0.008988560177385807,0.097521014511585236,-0.99519360065460205,-0.0043112179264426231,0.99522030353546143,0.09756246954202652,-6.2184252738952637,23.509681701660156,-16.323909759521484">
        </Bone>
      </Part>
    </Brick>
    <Brick refID="25" designID="6141">
      <Part refID="25" designID="6141" materials="151">
        <Bone refID="25" transformation="-0.0098072001710534096,0.35638439655303955,-0.93428850173950195,-0.99994969367980957,-0.005166628398001194,0.008525380864739418,-0.0017903356347233057,0.93432468175888062,0.35641813278198242,-6.9402499198913574,23.791753768920898,-16.358795166015625">
        </Bone>
      </Part>
    </Brick>
    <Brick refID="26" designID="3069">
      <Part refID="26" designID="3069" materials="151,0" decoration="0">
        <Bone refID="26" transformation="0.0017902450636029243,-0.93432497978210449,-0.35641840100288391,-0.99994993209838867,-0.0051666842773556709,0.0085254060104489326,-0.009807216003537178,0.3563845157623291,-0.93428856134414673,-7.2602453231811523,23.790313720703125,-16.355978012084961">
        </Bone>
      </Part>
    </Brick>
    <Brick refID="27" designID="50746">
      <Part refID="27" designID="50746" materials="151">
        <Bone refID="27" transformation="0.0017901866231113672,-0.93432527780532837,-0.3564181923866272,-0.99994957447052002,-0.0051666409708559513,0.0085254069417715073,-0.0098072700202465057,0.35638496279716492,-0.93428820371627808,-6.9480886459350586,24.076858520507813,-17.106224060058594">
        </Bone>
      </Part>
    </Brick>
    <Brick refID="28" designID="3022">
      <Part refID="28" designID="3022" materials="151">
        <Bone refID="28" transformation="0.009807259775698185,-0.35638472437858582,0.9342883825302124,-0.99994993209838867,-0.0051665944047272205,0.0085254628211259842,0.0017901940736919641,-0.93432587385177612,-0.35641831159591675,-6.6266613006591797,23.331052780151367,-17.394079208374023">
        </Bone>
      </Part>
    </Brick>
    <Brick refID="29" designID="6141">
      <Part refID="29" designID="6141" materials="151">
        <Bone refID="29" transformation="0.0098155606538057327,-0.36071091890335083,0.93262565135955811,0.99994963407516479,0.0051654251292347908,-0.0085256444290280342,-0.001745875459164381,0.9326622486114502,0.36074423789978027,-5.5003466606140137,23.79680061340332,-16.369998931884766">
        </Bone>
      </Part>
    </Brick>
    <Brick refID="30" designID="3069">
      <Part refID="30" designID="3069" materials="151,0" decoration="0">
        <Bone refID="30" transformation="0.0017459819791838527,-0.93266236782073975,-0.36074376106262207,0.99995070695877075,0.005165379960089922,-0.0085256826132535934,0.0098154665902256966,-0.36071127653121948,0.93262684345245361,-5.1803889274597168,23.798666000366211,-16.372640609741211">
        </Bone>
      </Part>
    </Brick>
    <Brick refID="31" designID="50746">
      <Part refID="31" designID="50746" materials="151">
        <Bone refID="31" transformation="-0.0017459475202485919,0.93266254663467407,0.36074402928352356,0.9999503493309021,0.0051654125563800335,-0.0085256630554795265,-0.0098155103623867035,0.36071121692657471,-0.93262732028961182,-5.5082087516784668,24.085369110107422,-17.116098403930664">
        </Bone>
      </Part>
    </Brick>
    <Brick refID="32" designID="3022">
      <Part refID="32" designID="3022" materials="151">
        <Bone refID="32" transformation="-0.0098155029118061066,0.36071151494979858,-0.93262720108032227,0.99995094537734985,0.0051654307171702385,-0.0085255810990929604,0.0017459352966398001,-0.93266278505325317,-0.36074408888816833,-5.818941593170166,23.049016952514648,-16.655860900878906">
        </Bone>
      </Part>
    </Brick>
    <Brick refID="33" designID="3024">
      <Part refID="33" designID="3024" materials="151">
        <Bone refID="33" transformation="-0.99994981288909912,-0.0051674237474799156,0.0085252486169338226,-0.008988507091999054,0.097521021962165833,-0.99519360065460205,0.0043111913837492466,-0.99522066116333008,-0.097562476992607117,-6.2333941459655762,24.43067741394043,-17.519687652587891">
        </Bone>
      </Part>
    </Brick>
    <Brick refID="34" designID="3070">
      <Part refID="34" designID="3070" materials="43,0" decoration="0">
        <Bone refID="34" transformation="-0.99995052814483643,-0.0051674321293830872,0.0085253193974494934,-0.0089886588975787163,0.097521029412746429,-0.9951941967010498,0.0043111890554428101,-0.99522006511688232,-0.097562454640865326,-6.2362899780273437,24.461896896362305,-17.838157653808594">
        </Bone>
      </Part>
    </Brick>
    <Brick refID="35" designID="92946">
      <Part refID="35" designID="92946" materials="151">
        <Bone refID="35" transformation="0.0043111839331686497,-0.99522233009338379,-0.097562700510025024,-0.0089886030182242393,0.097521036863327026,-0.9951941967010498,0.99995052814483643,0.0051674214191734791,-0.0085252933204174042,-6.2305374145507812,24.399484634399414,-17.201221466064453">
        </Bone>
      </Part>
    </Brick>
    <Brick refID="36" designID="60478">
      <Part refID="36" designID="60478" materials="151">
        <Bone refID="36" transformation="-0.0098072793334722519,0.35638481378555298,-0.9342886209487915,-0.99994975328445435,-0.0051666228100657463,0.0085254078730940819,-0.0017901918618008494,0.93432515859603882,0.35641807317733765,-6.9388079643249512,23.044286727905273,-16.643896102905273">
        </Bone>
      </Part>
    </Brick>
    <Brick refID="37" designID="60478">
      <Part refID="37" designID="60478" materials="151">
        <Bone refID="37" transformation="-0.0098154935985803604,0.36071106791496277,-0.93262648582458496,0.9999505877494812,0.0051654195412993431,-0.0085256919264793396,0.0017460079398006201,-0.93266302347183228,-0.36074420809745789,-5.4989504814147949,23.050666809082031,-16.658584594726563">
        </Bone>
      </Part>
    </Brick>
    <Brick refID="38" designID="61252">
      <Part refID="38" designID="61252" materials="26">
        <Bone refID="38" transformation="-0.99995052814483643,-0.005167410708963871,0.0085254767909646034,0.0043111573904752731,-0.99522054195404053,-0.097562499344348907,0.0089887892827391624,-0.0975208580493927,0.99519312381744385,-6.2131686210632324,22.769718170166016,-16.155307769775391">
        </Bone>
      </Part>
    </Brick>
    <Brick refID="39" designID="3023">
      <Part refID="39" designID="3023" materials="151">
        <Bone refID="39" transformation="0.0089885657653212547,-0.097520887851715088,0.9951934814453125,0.0043111694976687431,-0.99522292613983154,-0.097562775015830994,0.99995017051696777,0.0051673892885446548,-0.0085252588614821434,-6.2217483520507812,23.166206359863281,-16.92024040222168">
        </Bone>
      </Part>
    </Brick>
    <Brick refID="40" designID="30162">
      <Part refID="40" designID="30162" materials="151">
        <Bone refID="40" transformation="0.009807240217924118,-0.3563849925994873,0.9342879056930542,-0.99994951486587524,-0.0051666330546140671,0.008525376208126545,0.0017902033869177103,-0.93432462215423584,-0.35641807317733765,-7.2666354179382324,23.32774543762207,-17.388616561889648">
        </Bone>
      </Part>
    </Brick>
    <Brick refID="41" designID="30162">
      <Part refID="41" designID="30162" materials="151">
        <Bone refID="41" transformation="0.0098154526203870773,-0.36071106791496277,0.93262571096420288,0.99994999170303345,0.0051654214039444923,-0.0085257068276405334,-0.0017459981609135866,0.93266308307647705,0.36074411869049072,-5.1868090629577637,23.340888977050781,-17.407430648803711">
        </Bone>
      </Part>
    </Brick>
    <Brick refID="42" designID="3024">
      <Part refID="42" designID="3024" materials="26">
        <Bone refID="42" transformation="0.99995023012161255,0.0051674018613994122,-0.0085253659635782242,0.0043111615814268589,-0.99522030353546143,-0.097562476992607117,-0.0089887585490942001,0.097520865499973297,-0.99519294500350952,-6.2117953300476074,22.451250076293945,-16.1865234375">
        </Bone>
      </Part>
    </Brick>
    <Brick refID="43" designID="50746">
      <Part refID="43" designID="50746" materials="151">
        <Bone refID="43" transformation="0.9999498724937439,0.0051673920825123787,-0.008525356650352478,0.0043111639097332954,-0.99522078037261963,-0.097562506794929504,-0.0089886058121919632,0.097520917654037476,-0.99519318342208862,-6.2203555107116699,22.84773063659668,-16.951465606689453">
        </Bone>
      </Part>
    </Brick>
    <Brick refID="44" designID="2555">
      <Part refID="44" designID="2555" materials="26">
        <Bone refID="44" transformation="0.0089887157082557678,-0.097520872950553894,0.99519306421279907,0.0043111625127494335,-0.99522042274475098,-0.097562499344348907,0.99995028972625732,0.0051673976704478264,-0.0085253221914172173,-6.2104220390319824,22.132780075073242,-16.217742919921875">
        </Bone>
      </Part>
    </Brick>
    <Brick refID="45" designID="6231">
      <Part refID="45" designID="6231" materials="21">
        <Bone refID="45" transformation="-0.69984138011932373,-0.31517747044563293,0.64100420475006104,-0.0016761941369622946,0.8981090784072876,0.43976560235023499,-0.71429741382598877,0.3066907525062561,-0.62906336784362793,-6.205413818359375,22.562234878540039,-13.989265441894531">
        </Bone>
      </Part>
    </Brick>
    <Brick refID="46" designID="3024">
      <Part refID="46" designID="3024" materials="151">
        <Bone refID="46" transformation="0.99994778633117676,0.0060008438304066658,-0.0084430687129497528,-0.0016760865692049265,0.89811068773269653,0.43976667523384094,0.010222131386399269,-0.43972766399383545,0.89807343482971191,-6.2048788070678711,22.274835586547852,-14.129990577697754">
        </Bone>
      </Part>
    </Brick>
    <Brick refID="47" designID="3794">
      <Part refID="47" designID="3794" materials="141">
        <Bone refID="47" transformation="-0.010222088545560837,0.43972781300544739,-0.89807331562042236,-0.0016760186990723014,0.89811044931411743,0.43976688385009766,0.99994772672653198,0.0060010096058249474,-0.0084434095770120621,-6.2002477645874023,21.811559677124023,-13.911484718322754">
        </Bone>
      </Part>
    </Brick>
    <Brick refID="48" designID="60478">
      <Part refID="48" designID="60478" materials="141">
        <Bone refID="48" transformation="0.010222092270851135,-0.43972787261009216,0.89807367324829102,-0.0016759936697781086,0.89811068773269653,0.43976667523384094,-0.99994748830795288,-0.0060011018067598343,0.0084435492753982544,-6.2078924179077148,21.875947952270508,-14.770668983459473">
        </Bone>
      </Part>
    </Brick>
    <Brick refID="49" designID="55297">
      <Part refID="49" designID="55297" materials="21">
        <Bone refID="49" transformation="-0.0072715273126959801,0.94375121593475342,-0.3305715024471283,-0.99995964765548706,-0.005069478414952755,0.007524292916059494,0.0054253083653748035,0.33061134815216064,0.94375133514404297,-6.2884597778320313,24.144601821899414,-14.5712890625">
        </Bone>
      </Part>
    </Brick>
    <Brick refID="50" designID="57588">
      <Part refID="50" designID="57588" materials="21">
        <Bone refID="50" transformation="-0.96991527080535889,-0.23859912157058716,0.048334755003452301,-0.2413376122713089,0.91629844903945923,-0.31960949301719666,0.031969510018825531,-0.32165759801864624,-0.9463161826133728,-7.3854293823242187,25.974466323852539,-15.873020172119141">
        </Bone>
      </Part>
    </Brick>
    <Brick refID="51" designID="6141">
      <Part refID="51" designID="6141" materials="26">
        <Bone refID="51" transformation="-0.048794560134410858,-0.98114174604415894,-0.18701887130737305,0.96311867237091064,-0.095825113356113434,0.25143900513648987,-0.2646191418170929,-0.16785246133804321,0.94963306188583374,-5.658172607421875,23.303359985351563,-15.100872039794922">
        </Bone>
      </Part>
    </Brick>
    <Brick refID="52" designID="87580">
      <Part refID="52" designID="87580" materials="151">
        <Bone refID="52" transformation="-0.26461955904960632,-0.16785258054733276,0.94963520765304565,0.96312057971954346,-0.095825217664241791,0.25143969058990479,0.048794656991958618,0.98114317655563354,0.18701902031898499,-5.349968433380127,23.272701263427734,-15.020418167114258">
        </Bone>
      </Part>
    </Brick>
    <Brick refID="53" designID="6019">
      <Part refID="53" designID="6019" materials="26">
        <Bone refID="53" transformation="-0.0017704559722915292,0.93216204643249512,0.3620363175868988,0.96312093734741211,-0.095825165510177612,0.25143980979919434,0.26907515525817871,0.34912827610969543,-0.89761626720428467,-5.697197437286377,22.518444061279297,-15.250486373901367">
        </Bone>
      </Part>
    </Brick>
    <Brick refID="54" designID="96910">
      <Part refID="54" designID="96910" materials="141">
        <Bone refID="54" transformation="0.26001358032226563,0.57195603847503662,-0.77798402309417725,0.96311855316162109,-0.095825187861919403,0.25143891572952271,0.069261424243450165,-0.81466549634933472,-0.57577788829803467,-5.1671600341796875,22.782434463500977,-14.634914398193359">
        </Bone>
      </Part>
    </Brick>
    <Brick refID="55" designID="2540">
      <Part refID="55" designID="2540" materials="26">
        <Bone refID="55" transformation="-0.99994939565658569,-0.0051929224282503128,0.0085256462916731834,-0.0051486268639564514,0.99997329711914063,0.0052094459533691406,-0.0085525475442409515,0.00516529381275177,-0.99995023012161255,-5.7898635864257812,21.317501068115234,-15.477977752685547">
        </Bone>
      </Part>
    </Brick>
    <Brick refID="56" designID="3023">
      <Part refID="56" designID="3023" materials="26">
        <Bone refID="56" transformation="0.99995023012161255,0.0051929247565567493,-0.0085257822647690773,-0.0051486273296177387,0.99997377395629883,0.005209451075643301,0.0085526099428534508,-0.00516529381275177,0.9999508261680603,-6.5881810188293457,20.993356704711914,-15.472831726074219">
        </Bone>
      </Part>
    </Brick>
    <Brick refID="57" designID="3022">
      <Part refID="57" designID="3022" materials="26">
        <Bone refID="57" transformation="0.0085526006296277046,-0.00516529381275177,0.99995094537734985,-0.0051486245356500149,0.99997341632843018,0.0052094501443207264,-0.99995023012161255,-0.0051929219625890255,0.0085257580503821373,-6.5865483283996582,20.673362731933594,-15.474512100219727">
        </Bone>
      </Part>
    </Brick>
    <Brick refID="58" designID="85984">
      <Part refID="58" designID="85984" materials="26">
        <Bone refID="58" transformation="0.0085526108741760254,-0.00516529381275177,0.99995094537734985,-0.0051486273296177387,0.99997401237487793,0.0052094534039497375,-0.99995023012161255,-0.0051929233595728874,0.008525751531124115,-6.5813374519348145,20.989223480224609,-14.672872543334961">
        </Bone>
      </Part>
    </Brick>
    <Brick refID="59" designID="3022">
      <Part refID="59" designID="3022" materials="26">
        <Bone refID="59" transformation="0.0085526388138532639,-0.0051649925298988819,0.9999505877494812,-0.0051486263982951641,0.99997317790985107,0.0052094212733209133,-0.99994999170303345,-0.0051928679458796978,0.0085257729515433311,-6.5848851203918457,20.353370666503906,-15.476175308227539">
        </Bone>
      </Part>
    </Brick>
    <Brick refID="60" designID="4274">
      <Part refID="60" designID="4274" materials="141">
        <Bone refID="60" transformation="0.99995017051696777,0.0051927575841546059,-0.0085260374471545219,0.0085528586059808731,-0.0051651615649461746,0.999950110912323,0.0051484601572155952,-0.99997317790985107,-0.0052093169651925564,-5.7739715576171875,19.553421020507813,-14.68719482421875">
        </Bone>
      </Part>
    </Brick>
    <Brick refID="61" designID="85984">
      <Part refID="61" designID="85984" materials="141">
        <Bone refID="61" transformation="0.0051484373398125172,-0.99997323751449585,-0.005209208931773901,0.0085523491725325584,-0.0051650311797857285,0.99994963407516479,-0.99994933605194092,-0.0051924614235758781,0.0085258763283491135,-6.5597286224365234,19.540706634521484,-13.020473480224609">
        </Bone>
      </Part>
    </Brick>
    <Brick refID="62" designID="3023">
      <Part refID="62" designID="3023" materials="141">
        <Bone refID="62" transformation="-0.99995172023773193,-0.0051924837753176689,0.0085259079933166504,0.0085523631423711777,-0.0051650321111083031,0.9999505877494812,-0.0051484499126672745,0.99997323751449585,0.0052092075347900391,-5.7625179290771484,19.546512603759766,-13.347277641296387">
        </Bone>
      </Part>
    </Brick>
    <Brick refID="63" designID="3022">
      <Part refID="63" designID="3022" materials="141">
        <Bone refID="63" transformation="-0.99995064735412598,-0.0051924795843660831,0.0085257813334465027,0.0085523827001452446,-0.0051650302484631538,0.99994999170303345,-0.0051484550349414349,0.99997323751449585,0.0052092024125158787,-5.7652339935302734,19.548168182373047,-13.667256355285645">
        </Bone>
      </Part>
    </Brick>
    <Brick refID="64" designID="3937">
      <Part refID="64" designID="3937" materials="26">
        <Bone refID="64" transformation="-0.99995148181915283,-0.0051924805156886578,0.0085259005427360535,0.0085523519665002823,-0.0051650009118020535,0.99994999170303345,-0.0051484527066349983,0.99997323751449585,0.0052092443220317364,-5.7583980560302734,18.746532440185547,-13.351445198059082">
        </Bone>
      </Part>
    </Brick>
    <Brick refID="65" designID="3937">
      <Part refID="65" designID="3937" materials="141">
        <Bone refID="65" transformation="-0.99995243549346924,-0.0051923580467700958,0.0085256565362215042,0.0085523510351777077,-0.0051650139503180981,0.999950110912323,-0.0051480927504599094,0.99997323751449585,0.0052091414108872414,-5.7693691253662109,20.348163604736328,-13.663089752197266">
        </Bone>
      </Part>
    </Brick>
    <Brick refID="66" designID="3020">
      <Part refID="66" designID="3020" materials="26">
        <Bone refID="66" transformation="-0.0051481053233146667,0.99997323751449585,0.0052091409452259541,0.0085523528978228569,-0.0051650162786245346,0.999950110912323,0.99995160102844238,0.0051923678256571293,-0.0085256351158022881,-5.759765625,17.949874877929688,-13.99558162689209">
        </Bone>
      </Part>
    </Brick>
    <Brick refID="67" designID="3069">
      <Part refID="67" designID="3069" materials="141,0" decoration="0">
        <Bone refID="67" transformation="-0.99995160102844238,-0.0051923119463026524,0.0085258763283491135,0.0085523566231131554,-0.0051650279201567173,0.999950110912323,-0.0051482785493135452,0.99997323751449585,0.0052092038094997406,-5.7485790252685547,17.943248748779297,-12.715640068054199">
        </Bone>
      </Part>
    </Brick>
    <Brick refID="68" designID="3039">
      <Part refID="68" designID="3039" materials="141,0" decoration="0">
        <Bone refID="68" transformation="0.99994957447052002,0.0051923803985118866,-0.0085258167237043381,0.0085523296147584915,-0.0051650255918502808,0.99994933605194092,0.0051483707502484322,-0.99997246265411377,-0.0052092038094997406,-6.5569777488708496,17.944051742553711,-13.668771743774414">
        </Bone>
      </Part>
    </Brick>
    <Brick refID="69" designID="3023">
      <Part refID="69" designID="3023" materials="141">
        <Bone refID="69" transformation="-0.99995124340057373,-0.0051923082210123539,0.0085258940234780312,0.0085523677989840508,-0.0051650302484631538,0.99995070695877075,-0.0051482822746038437,0.99997323751449585,0.0052092066034674644,-5.7556438446044922,17.149879455566406,-13.999750137329102">
        </Bone>
      </Part>
    </Brick>
    <Brick refID="70" designID="3794">
      <Part refID="70" designID="3794" materials="141">
        <Bone refID="70" transformation="-0.0051480643451213837,0.99997323751449585,0.0052091549150645733,0.0085523845627903938,-0.0051650013774633408,0.99994993209838867,0.99994891881942749,0.0051923538558185101,-0.0085256798192858696,-5.7604274749755859,17.551498413085937,-14.317634582519531">
        </Bone>
      </Part>
    </Brick>
    <Brick refID="71" designID="3794">
      <Part refID="71" designID="3794" materials="141">
        <Bone refID="71" transformation="-0.0051480657421052456,0.99997323751449585,0.005209154449403286,0.0085523845627903938,-0.0051650027744472027,0.99994993209838867,0.99994891881942749,0.0051923557184636593,-0.0085256798192858696,-6.5603847503662109,17.547348022460937,-14.310819625854492">
        </Bone>
      </Part>
    </Brick>
    <Brick refID="72" designID="3069">
      <Part refID="72" designID="3069" materials="26,0" decoration="0">
        <Bone refID="72" transformation="-0.99994891881942749,-0.0051923436112701893,0.0085256798192858696,0.0085523845627903938,-0.0051650004461407661,0.99994993209838867,-0.0051480564288794994,0.99997323751449585,0.0052091567777097225,-5.7930889129638672,20.761341094970703,-16.220865249633789">
        </Bone>
      </Part>
    </Brick>
    <Brick refID="73" designID="50746">
      <Part refID="73" designID="50746" materials="141">
        <Bone refID="73" transformation="-0.99994963407516479,-0.0051923342980444431,0.0085257161408662796,0.0085524320602416992,-0.0051650102250277996,0.99994981288909912,-0.005148022435605526,0.9999731183052063,0.005209148395806551,-4.9659633636474609,19.153976440429688,-13.996137619018555">
        </Bone>
      </Part>
    </Brick>
    <Brick refID="74" designID="3023">
      <Part refID="74" designID="3023" materials="141">
        <Bone refID="74" transformation="-0.9999498724937439,-0.0051923561841249466,0.0085256928578019142,0.0085524255409836769,-0.0051650069653987885,0.99994951486587524,-0.0051480219699442387,0.9999731183052063,0.0052091474644839764,-4.168734073638916,19.159782409667969,-14.32295036315918">
        </Bone>
      </Part>
    </Brick>
    <Brick refID="75" designID="50746">
      <Part refID="75" designID="50746" materials="141">
        <Bone refID="75" transformation="-0.9999498724937439,-0.0051923375576734543,0.0085256481543183327,0.0085523929446935654,-0.0051650116220116615,0.99995017051696777,-0.0051480294205248356,0.9999731183052063,0.0052091507241129875,-4.1659951210021973,19.158124923706055,-14.002952575683594">
        </Bone>
      </Part>
    </Brick>
    <Brick refID="76" designID="3023">
      <Part refID="76" designID="3023" materials="141">
        <Bone refID="76" transformation="-0.99994963407516479,-0.0051923412829637527,0.0085256630554795265,0.0085523780435323715,-0.0051650088280439377,0.99994975328445435,-0.005148022435605526,0.9999731183052063,0.0052091488614678383,-4.1714692115783691,19.161434173583984,-14.642925262451172">
        </Bone>
      </Part>
    </Brick>
    <Brick refID="77" designID="3666">
      <Part refID="77" designID="3666" materials="141">
        <Bone refID="77" transformation="-0.9999498724937439,-0.0051923561841249466,0.0085256937891244888,0.0085523827001452446,-0.0051650106906890869,0.99994981288909912,-0.0051480201072990894,0.9999731183052063,0.005209148395806551,-4.1742005348205566,19.163084030151367,-14.962909698486328">
        </Bone>
      </Part>
    </Brick>
    <Brick refID="78" designID="50746">
      <Part refID="78" designID="50746" materials="141">
        <Bone refID="78" transformation="-0.9999498724937439,-0.0051923501305282116,0.008525654673576355,0.0085523724555969238,-0.0051650144159793854,0.99994981288909912,-0.005148027092218399,0.9999731183052063,0.0052091488614678383,-8.1657962799072266,19.137350082397461,-13.968856811523438">
        </Bone>
      </Part>
    </Brick>
    <Brick refID="79" designID="3023">
      <Part refID="79" designID="3023" materials="141">
        <Bone refID="79" transformation="-0.9999498724937439,-0.0051923608407378197,0.0085256826132535934,0.0085524553433060646,-0.0051650125533342361,0.99994981288909912,-0.0051480252295732498,0.9999731183052063,0.005209148395806551,-7.3685851097106934,19.143156051635742,-14.295660018920898">
        </Bone>
      </Part>
    </Brick>
    <Brick refID="80" designID="50746">
      <Part refID="80" designID="50746" materials="141">
        <Bone refID="80" transformation="-0.99994999170303345,-0.0051923487335443497,0.0085256705060601234,0.00855238176882267,-0.0051650134846568108,0.99994981288909912,-0.005148027092218399,0.9999731183052063,0.0052091497927904129,-7.3658461570739746,19.141511917114258,-13.975677490234375">
        </Bone>
      </Part>
    </Brick>
    <Brick refID="81" designID="3023">
      <Part refID="81" designID="3023" materials="141">
        <Bone refID="81" transformation="-0.9999498724937439,-0.0051923608407378197,0.0085256826132535934,0.0085524274036288261,-0.0051650125533342361,0.99994981288909912,-0.0051480247639119625,0.9999731183052063,0.0052091479301452637,-7.3713240623474121,19.144807815551758,-14.615638732910156">
        </Bone>
      </Part>
    </Brick>
    <Brick refID="82" designID="85984">
      <Part refID="82" designID="85984" materials="141">
        <Bone refID="82" transformation="0.0051482445560395718,-0.9999731183052063,-0.005209214985370636,0.0085523808375000954,-0.0051650330424308777,0.99994993209838867,-0.9999498724937439,-0.0051923096179962158,0.0085258530452847481,-8.1699161529541016,19.937324523925781,-13.964691162109375">
        </Bone>
      </Part>
    </Brick>
    <Brick refID="83" designID="3005">
      <Part refID="83" designID="3005" materials="141,0" decoration="0">
        <Bone refID="83" transformation="-0.9999498724937439,-0.0051923338323831558,0.0085256937891244888,0.0085524255409836769,-0.0051650148816406727,0.99994993209838867,-0.0051480554975569248,0.9999731183052063,0.0052091469988226891,-7.3781843185424805,19.946449279785156,-14.931458473205566">
        </Bone>
      </Part>
    </Brick>
    <Brick refID="84" designID="3021">
      <Part refID="84" designID="3021" materials="141">
        <Bone refID="84" transformation="-0.0051478683017194271,0.9999731183052063,0.0052091474644839764,0.0085523985326290131,-0.0051650172099471092,0.99994993209838867,0.9999498724937439,0.0051921410486102104,-0.008525630459189415,-7.3767805099487305,19.148103713989258,-15.255616188049316">
        </Bone>
      </Part>
    </Brick>
    <Brick refID="85" designID="57909">
      <Part refID="85" designID="57909" materials="26">
        <Bone refID="85" transformation="0.99994999170303345,0.0051923361606895924,-0.0085256993770599365,0.0085523845627903938,-0.0051650167442858219,0.99995005130767822,0.0051480289548635483,-0.9999731183052063,-0.0052091581746935844,-8.1890668869018555,19.948907852172852,-16.204580307006836">
        </Bone>
      </Part>
    </Brick>
    <Brick refID="86" designID="85984">
      <Part refID="86" designID="85984" materials="141">
        <Bone refID="86" transformation="0.0051482105627655983,-0.9999731183052063,-0.0052092121914029121,0.0085524097084999084,-0.0051650772802531719,0.99994993209838867,-0.99994975328445435,-0.0051922891288995743,0.0085258781909942627,-4.9700722694396973,19.95393180847168,-13.991979598999023">
        </Bone>
      </Part>
    </Brick>
    <Brick refID="87" designID="3005">
      <Part refID="87" designID="3005" materials="141,0" decoration="0">
        <Bone refID="87" transformation="-0.9999498724937439,-0.0051923282444477081,0.0085256211459636688,0.0085523966699838638,-0.0051650162786245346,0.99995005130767822,-0.0051480494439601898,0.9999731183052063,0.0052091535180807114,-4.9783053398132324,19.958908081054687,-14.95191478729248">
        </Bone>
      </Part>
    </Brick>
    <Brick refID="88" designID="3021">
      <Part refID="88" designID="3021" materials="141">
        <Bone refID="88" transformation="-0.0051483134739100933,0.9999731183052063,0.0052092121914029121,0.0085524050518870354,-0.0051650768145918846,0.99995005130767822,0.9999498724937439,0.0051923845894634724,-0.0085258996114134789,-4.1769671440124512,19.164718627929688,-15.282885551452637">
        </Bone>
      </Part>
    </Brick>
    <Brick refID="89" designID="57909">
      <Part refID="89" designID="57909" materials="26">
